1108
70
1.14742e-05
-262.5
70
3.82475e-06
-87.5
210
3.82475e-06
-87.5
210
1.14742e-05
-262.5
350
3.82475e-06
-87.5
350
1.14742e-05
-262.5
70
-3.82475e-06
87.5
210
-3.82475e-06
87.5
350
-3.82475e-06
87.5
70
-1.14742e-05
262.5
210
-1.14742e-05
262.5
350
-1.14742e-05
262.5
70
10
-262.5
210
10
-262.5
210
10
-87.5
200
10
-87.5
70
10
-87.5
350
10
-262.5
350
10
-87.5
70
10
87.5
200
10
-52.9366
200
10
-17.6455
200
10
17.6455
200
10
52.9366
200
10
87.5
350
10
87.5
210
10
87.5
210
10
52.9366
210
10
17.6455
210
10
-17.6455
210
10
-52.9366
210
9.99999
262.5
70
9.99999
262.5
350
9.99999
262.5
70
1.14742e-05
-262.5
210
1.14742e-05
-262.5
210
10
-262.5
70
10
-262.5
350
1.14742e-05
-262.5
350
10
-262.5
350
1.14742e-05
-262.5
350
3.82475e-06
-87.5
350
10
-87.5
350
10
-262.5
350
-3.82475e-06
87.5
350
10
87.5
350
-1.14742e-05
262.5
350
9.99999
262.5
350
-1.14742e-05
262.5
210
-1.14742e-05
262.5
210
9.99999
262.5
350
9.99999
262.5
70
-1.14742e-05
262.5
70
9.99999
262.5
0
-1.14742e-05
262.5
0
9.99999
262.5
208.874
60.7667
-86.3738
208.874
60.7667
-54.0628
201.126
60.7667
-54.0628
201.126
60.7667
-86.3738
208.874
11.1262
-88.2667
208.874
25.4151
-88.2667
201.126
25.4151
-88.2667
201.126
11.1262
-88.2667
210
43.4587
17.6455
210
43.4587
-17.6455
210
26.5413
-17.6455
210
26.5413
17.6455
201.126
11.1262
88.2667
201.126
25.4151
88.2667
208.874
25.4151
88.2667
208.874
11.1262
88.2667
197.572
39.5637
13.7505
197.572
30.4363
13.7505
197.572
30.4363
-13.7505
197.572
39.5637
-13.7505
0
1.14742e-05
-262.5
0
3.82475e-06
-87.5
0
-3.82475e-06
87.5
0
-1.14742e-05
262.5
0
10
-87.5
0
10
-262.5
0
9.99999
262.5
0
10
87.5
0
10
-262.5
0
1.14742e-05
-262.5
197.572
56.105
13.7505
197.572
47.3538
13.7505
197.572
47.3538
-13.7505
197.572
56.105
-13.7505
197.572
13.895
-13.7505
197.572
22.6462
-13.7505
197.572
22.6462
13.7505
197.572
13.895
13.7505
197.572
39.5637
83.605
197.572
30.4363
83.605
197.572
30.4363
56.8317
197.572
39.5637
56.8317
197.572
39.5637
49.0416
197.572
30.4363
49.0416
197.572
30.4363
21.5406
197.572
39.5637
21.5406
197.572
30.4363
-83.605
197.572
39.5637
-83.605
197.572
39.5637
-56.8317
197.572
30.4363
-56.8317
197.572
30.4363
-49.0416
197.572
39.5637
-49.0416
197.572
39.5637
-21.5406
197.572
30.4363
-21.5406
197.572
56.105
83.605
197.572
47.3538
83.605
197.572
47.3538
56.8317
197.572
56.105
56.8317
197.572
56.105
49.0416
197.572
47.3538
49.0416
197.572
47.3538
21.5406
197.572
56.105
21.5406
197.572
47.3538
-83.605
197.572
56.105
-83.605
197.572
56.105
-56.8317
197.572
47.3538
-56.8317
197.572
47.3538
-49.0416
197.572
56.105
-49.0416
197.572
56.105
-21.5406
197.572
47.3538
-21.5406
197.572
13.895
-83.605
197.572
22.6462
-83.605
197.572
22.6462
-56.8317
197.572
13.895
-56.8317
197.572
13.895
-49.0416
197.572
22.6462
-49.0416
197.572
22.6462
-21.5406
197.572
13.895
-21.5406
197.572
22.6462
83.605
197.572
13.895
83.605
197.572
13.895
56.8317
197.572
22.6462
56.8317
197.572
22.6462
49.0416
197.572
13.895
49.0416
197.572
13.895
21.5406
197.572
22.6462
21.5406
200
43.4587
-17.6455
200
43.4587
17.6455
197.572
39.5637
13.7505
197.572
39.5637
-13.7505
200
43.4587
17.6455
200
26.5413
17.6455
197.572
30.4363
13.7505
197.572
39.5637
13.7505
200
26.5413
17.6455
200
26.5413
-17.6455
197.572
30.4363
-13.7505
197.572
30.4363
13.7505
200
26.5413
-17.6455
200
43.4587
-17.6455
197.572
39.5637
-13.7505
197.572
30.4363
-13.7505
200
60
-17.6455
200
60
17.6455
197.572
56.105
13.7505
197.572
56.105
-13.7505
200
60
17.6455
197.572
47.3538
13.7505
197.572
56.105
13.7505
200
43.4587
17.6455
200
43.4587
-17.6455
197.572
47.3538
-13.7505
197.572
47.3538
13.7505
200
60
-17.6455
197.572
56.105
-13.7505
197.572
47.3538
-13.7505
200
10
17.6455
200
10
-17.6455
197.572
13.895
-13.7505
197.572
13.895
13.7505
200
10
-17.6455
197.572
22.6462
-13.7505
197.572
13.895
-13.7505
200
26.5413
-17.6455
200
26.5413
17.6455
197.572
22.6462
13.7505
197.572
22.6462
-13.7505
200
10
17.6455
197.572
13.895
13.7505
197.572
22.6462
13.7505
200
43.4587
52.9366
200
43.4587
87.5
197.572
39.5637
83.605
197.572
39.5637
56.8317
200
43.4587
87.5
200
26.5412
87.5
197.572
30.4363
83.605
197.572
39.5637
83.605
200
26.5412
87.5
200
26.5412
52.9366
197.572
30.4363
56.8317
197.572
30.4363
83.605
200
26.5412
52.9366
200
43.4587
52.9366
197.572
39.5637
56.8317
197.572
30.4363
56.8317
197.572
39.5637
49.0416
197.572
39.5637
21.5406
200
43.4587
52.9366
200
26.5412
52.9366
197.572
30.4363
49.0416
197.572
39.5637
49.0416
197.572
30.4363
21.5406
197.572
30.4363
49.0416
200
26.5413
17.6455
200
43.4587
17.6455
197.572
39.5637
21.5406
197.572
30.4363
21.5406
200
26.5413
-52.9366
200
26.5413
-87.5
197.572
30.4363
-83.605
197.572
30.4363
-56.8317
200
26.5413
-87.5
200
43.4588
-87.5
197.572
39.5637
-83.605
197.572
30.4363
-83.605
200
43.4588
-87.5
200
43.4588
-52.9366
197.572
39.5637
-56.8317
197.572
39.5637
-83.605
200
43.4588
-52.9366
200
26.5413
-52.9366
197.572
30.4363
-56.8317
197.572
39.5637
-56.8317
197.572
30.4363
-49.0416
197.572
30.4363
-21.5406
200
26.5413
-52.9366
200
43.4588
-52.9366
197.572
39.5637
-49.0416
197.572
30.4363
-49.0416
197.572
39.5637
-21.5406
197.572
39.5637
-49.0416
200
43.4587
-17.6455
200
26.5413
-17.6455
197.572
30.4363
-21.5406
197.572
39.5637
-21.5406
200
60
52.9366
200
60
87.5
197.572
56.105
83.605
197.572
56.105
56.8317
200
60
87.5
197.572
47.3538
83.605
197.572
56.105
83.605
200
43.4587
87.5
200
43.4587
52.9366
197.572
47.3538
56.8317
197.572
47.3538
83.605
200
60
52.9366
197.572
56.105
56.8317
197.572
47.3538
56.8317
197.572
56.105
49.0416
197.572
56.105
21.5406
200
60
52.9366
197.572
47.3538
49.0416
197.572
56.105
49.0416
197.572
47.3538
21.5406
197.572
47.3538
49.0416
200
60
17.6455
197.572
56.105
21.5406
197.572
47.3538
21.5406
200
43.4588
-52.9366
200
43.4588
-87.5
197.572
47.3538
-83.605
197.572
47.3538
-56.8317
200
60
-87.5
197.572
56.105
-83.605
197.572
47.3538
-83.605
200
60
-87.5
200
60
-52.9366
197.572
56.105
-56.8317
197.572
56.105
-83.605
200
60
-52.9366
197.572
47.3538
-56.8317
197.572
56.105
-56.8317
197.572
47.3538
-49.0416
197.572
47.3538
-21.5406
200
60
-52.9366
197.572
56.105
-49.0416
197.572
47.3538
-49.0416
197.572
56.105
-21.5406
197.572
56.105
-49.0416
200
60
-17.6455
197.572
47.3538
-21.5406
197.572
56.105
-21.5406
200
10
-52.9366
200
10
-87.5
197.572
13.895
-83.605
197.572
13.895
-56.8317
200
10
-87.5
197.572
22.6462
-83.605
197.572
13.895
-83.605
200
26.5413
-87.5
200
26.5413
-52.9366
197.572
22.6462
-56.8317
197.572
22.6462
-83.605
200
10
-52.9366
197.572
13.895
-56.8317
197.572
22.6462
-56.8317
197.572
13.895
-49.0416
197.572
13.895
-21.5406
200
10
-52.9366
197.572
22.6462
-49.0416
197.572
13.895
-49.0416
197.572
22.6462
-21.5406
197.572
22.6462
-49.0416
200
10
-17.6455
197.572
13.895
-21.5406
197.572
22.6462
-21.5406
200
26.5412
52.9366
200
26.5412
87.5
197.572
22.6462
83.605
197.572
22.6462
56.8317
200
10
87.5
197.572
13.895
83.605
197.572
22.6462
83.605
200
10
87.5
200
10
52.9366
197.572
13.895
56.8317
197.572
13.895
83.605
200
10
52.9366
197.572
22.6462
56.8317
197.572
13.895
56.8317
197.572
22.6462
49.0416
197.572
22.6462
21.5406
200
10
52.9366
197.572
13.895
49.0416
197.572
22.6462
49.0416
197.572
13.895
21.5406
197.572
13.895
49.0416
200
10
17.6455
197.572
22.6462
21.5406
197.572
13.895
21.5406
210
43.4587
87.5
210
43.4587
52.9366
210
26.5412
52.9366
210
26.5412
87.5
210
26.5413
-87.5
210
26.5413
-52.9366
210
43.4588
-52.9366
210
43.4588
-87.5
210
60
17.6455
210
60
-17.6455
210
10
-17.6455
210
10
17.6455
210
60
87.5
210
60
52.9366
210
10
52.9366
210
10
87.5
210
10
-87.5
210
10
-52.9366
210
60
-52.9366
210
60
-87.5
208.874
60.7667
86.3738
201.126
60.7667
86.3738
201.126
60.7667
54.0628
208.874
60.7667
54.0628
208.874
60.7667
51.8104
201.126
60.7667
51.8104
201.126
60.7667
18.7717
208.874
60.7667
18.7717
208.874
60.7667
16.5193
201.126
60.7667
16.5193
201.126
60.7667
-16.5193
208.874
60.7667
-16.5193
208.874
60.7667
-18.7717
201.126
60.7667
-18.7717
201.126
60.7667
-51.8104
208.874
60.7667
-51.8104
200
60
-87.5
210
60
-87.5
208.874
60.7667
-86.3738
201.126
60.7667
-86.3738
210
60
-87.5
210
60
-52.9366
208.874
60.7667
-54.0628
208.874
60.7667
-86.3738
210
60
-52.9366
200
60
-52.9366
201.126
60.7667
-54.0628
208.874
60.7667
-54.0628
200
60
-52.9366
200
60
-87.5
201.126
60.7667
-86.3738
201.126
60.7667
-54.0628
210
60
52.9366
210
60
87.5
208.874
60.7667
86.3738
208.874
60.7667
54.0628
210
60
87.5
200
60
87.5
201.126
60.7667
86.3738
208.874
60.7667
86.3738
200
60
87.5
200
60
52.9366
201.126
60.7667
54.0628
201.126
60.7667
86.3738
200
60
52.9366
210
60
52.9366
208.874
60.7667
54.0628
201.126
60.7667
54.0628
210
60
17.6455
208.874
60.7667
51.8104
208.874
60.7667
18.7717
210
60
52.9366
200
60
52.9366
201.126
60.7667
51.8104
208.874
60.7667
51.8104
200
60
17.6455
201.126
60.7667
18.7717
201.126
60.7667
51.8104
200
60
17.6455
210
60
17.6455
208.874
60.7667
18.7717
201.126
60.7667
18.7717
210
60
-17.6455
208.874
60.7667
16.5193
208.874
60.7667
-16.5193
210
60
17.6455
200
60
17.6455
201.126
60.7667
16.5193
208.874
60.7667
16.5193
200
60
-17.6455
201.126
60.7667
-16.5193
201.126
60.7667
16.5193
200
60
-17.6455
210
60
-17.6455
208.874
60.7667
-16.5193
201.126
60.7667
-16.5193
208.874
60.7667
-18.7717
208.874
60.7667
-51.8104
210
60
-17.6455
200
60
-17.6455
201.126
60.7667
-18.7717
208.874
60.7667
-18.7717
201.126
60.7667
-51.8104
201.126
60.7667
-18.7717
200
60
-52.9366
210
60
-52.9366
208.874
60.7667
-51.8104
201.126
60.7667
-51.8104
208.874
58.8738
-88.2667
201.126
58.8738
-88.2667
201.126
44.5849
-88.2667
208.874
44.5849
-88.2667
208.874
42.3326
-88.2667
201.126
42.3326
-88.2667
201.126
27.6674
-88.2667
208.874
27.6674
-88.2667
201.126
58.8738
88.2667
208.874
58.8738
88.2667
208.874
44.5849
88.2667
201.126
44.5849
88.2667
201.126
42.3326
88.2667
208.874
42.3326
88.2667
208.874
27.6674
88.2667
201.126
27.6674
88.2667
200
10
-87.5
210
10
-87.5
208.874
11.1262
-88.2667
201.126
11.1262
-88.2667
210
10
-87.5
210
26.5413
-87.5
208.874
25.4151
-88.2667
208.874
11.1262
-88.2667
210
26.5413
-87.5
200
26.5413
-87.5
201.126
25.4151
-88.2667
208.874
25.4151
-88.2667
200
26.5413
-87.5
200
10
-87.5
201.126
11.1262
-88.2667
201.126
25.4151
-88.2667
210
10
87.5
200
10
87.5
201.126
11.1262
88.2667
208.874
11.1262
88.2667
200
10
87.5
200
26.5412
87.5
201.126
25.4151
88.2667
201.126
11.1262
88.2667
200
26.5412
87.5
210
26.5412
87.5
208.874
25.4151
88.2667
201.126
25.4151
88.2667
210
26.5412
87.5
210
10
87.5
208.874
11.1262
88.2667
208.874
25.4151
88.2667
210
43.4588
-87.5
210
60
-87.5
208.874
58.8738
-88.2667
208.874
44.5849
-88.2667
210
60
-87.5
200
60
-87.5
201.126
58.8738
-88.2667
208.874
58.8738
-88.2667
200
60
-87.5
200
43.4588
-87.5
201.126
44.5849
-88.2667
201.126
58.8738
-88.2667
200
43.4588
-87.5
210
43.4588
-87.5
208.874
44.5849
-88.2667
201.126
44.5849
-88.2667
208.874
42.3326
-88.2667
208.874
27.6674
-88.2667
210
43.4588
-87.5
200
43.4588
-87.5
201.126
42.3326
-88.2667
208.874
42.3326
-88.2667
201.126
27.6674
-88.2667
201.126
42.3326
-88.2667
200
26.5413
-87.5
210
26.5413
-87.5
208.874
27.6674
-88.2667
201.126
27.6674
-88.2667
200
43.4587
87.5
200
60
87.5
201.126
58.8738
88.2667
201.126
44.5849
88.2667
200
60
87.5
210
60
87.5
208.874
58.8738
88.2667
201.126
58.8738
88.2667
210
60
87.5
210
43.4587
87.5
208.874
44.5849
88.2667
208.874
58.8738
88.2667
210
43.4587
87.5
200
43.4587
87.5
201.126
44.5849
88.2667
208.874
44.5849
88.2667
201.126
42.3326
88.2667
201.126
27.6674
88.2667
200
43.4587
87.5
210
43.4587
87.5
208.874
42.3326
88.2667
201.126
42.3326
88.2667
208.874
27.6674
88.2667
208.874
42.3326
88.2667
210
26.5412
87.5
200
26.5412
87.5
201.126
27.6674
88.2667
208.874
27.6674
88.2667
0
10
87.5
0
-3.82475e-06
87.5
70
-3.82475e-06
87.5
70
10
87.5
70
10
87.5
70
-3.82475e-06
87.5
70
3.82475e-06
-87.5
70
10
-87.5
70
10
-87.5
70
3.82475e-06
-87.5
0
3.82475e-06
-87.5
0
10
-87.5
-70
1.14742e-05
-262.5
-210
1.14742e-05
-262.5
-210
3.82475e-06
-87.5
-70
3.82475e-06
-87.5
-350
1.14742e-05
-262.5
-350
3.82475e-06
-87.5
-210
-3.82475e-06
87.5
-70
-3.82475e-06
87.5
-350
-3.82475e-06
87.5
-210
-1.14742e-05
262.5
-70
-1.14742e-05
262.5
-350
-1.14742e-05
262.5
-70
10
-262.5
-70
10
-87.5
-200
10
-87.5
-210
10
-87.5
-210
10
-262.5
-350
10
-87.5
-350
10
-262.5
-70
10
87.5
-200
10
87.5
-200
10
52.9366
-200
10
17.6455
-200
10
-17.6455
-200
10
-52.9366
-350
10
87.5
-210
10
-52.9366
-210
10
-17.6455
-210
10
17.6455
-210
10
52.9366
-210
10
87.5
-210
9.99999
262.5
-70
9.99999
262.5
-350
9.99999
262.5
-70
1.14742e-05
-262.5
-70
10
-262.5
-210
10
-262.5
-210
1.14742e-05
-262.5
-350
10
-262.5
-350
1.14742e-05
-262.5
-350
1.14742e-05
-262.5
-350
10
-262.5
-350
10
-87.5
-350
3.82475e-06
-87.5
-350
10
87.5
-350
-3.82475e-06
87.5
-350
9.99999
262.5
-350
-1.14742e-05
262.5
-350
-1.14742e-05
262.5
-350
9.99999
262.5
-210
9.99999
262.5
-210
-1.14742e-05
262.5
-70
9.99999
262.5
-70
-1.14742e-05
262.5
-201.126
60.7667
-54.0628
-208.874
60.7667
-54.0628
-208.874
60.7667
-86.3738
-201.126
60.7667
-86.3738
-201.126
25.4151
-88.2667
-208.874
25.4151
-88.2667
-208.874
11.1262
-88.2667
-201.126
11.1262
-88.2667
-210
26.5413
-17.6455
-210
43.4587
-17.6455
-210
43.4587
17.6455
-210
26.5413
17.6455
-208.874
25.4151
88.2667
-201.126
25.4151
88.2667
-201.126
11.1262
88.2667
-208.874
11.1262
88.2667
-197.572
30.4363
-13.7505
-197.572
30.4363
13.7505
-197.572
39.5637
13.7505
-197.572
39.5637
-13.7505
-197.572
47.3538
-13.7505
-197.572
47.3538
13.7505
-197.572
56.105
13.7505
-197.572
56.105
-13.7505
-197.572
22.6462
13.7505
-197.572
22.6462
-13.7505
-197.572
13.895
-13.7505
-197.572
13.895
13.7505
-197.572
30.4363
56.8317
-197.572
30.4363
83.605
-197.572
39.5637
83.605
-197.572
39.5637
56.8317
-197.572
30.4363
21.5406
-197.572
30.4363
49.0416
-197.572
39.5637
49.0416
-197.572
39.5637
21.5406
-197.572
39.5637
-56.8317
-197.572
39.5637
-83.605
-197.572
30.4363
-83.605
-197.572
30.4363
-56.8317
-197.572
39.5637
-21.5406
-197.572
39.5637
-49.0416
-197.572
30.4363
-49.0416
-197.572
30.4363
-21.5406
-197.572
47.3538
56.8317
-197.572
47.3538
83.605
-197.572
56.105
83.605
-197.572
56.105
56.8317
-197.572
47.3538
21.5406
-197.572
47.3538
49.0416
-197.572
56.105
49.0416
-197.572
56.105
21.5406
-197.572
56.105
-56.8317
-197.572
56.105
-83.605
-197.572
47.3538
-83.605
-197.572
47.3538
-56.8317
-197.572
56.105
-21.5406
-197.572
56.105
-49.0416
-197.572
47.3538
-49.0416
-197.572
47.3538
-21.5406
-197.572
22.6462
-56.8317
-197.572
22.6462
-83.605
-197.572
13.895
-83.605
-197.572
13.895
-56.8317
-197.572
22.6462
-21.5406
-197.572
22.6462
-49.0416
-197.572
13.895
-49.0416
-197.572
13.895
-21.5406
-197.572
13.895
56.8317
-197.572
13.895
83.605
-197.572
22.6462
83.605
-197.572
22.6462
56.8317
-197.572
13.895
21.5406
-197.572
13.895
49.0416
-197.572
22.6462
49.0416
-197.572
22.6462
21.5406
-200
43.4587
-17.6455
-197.572
39.5637
-13.7505
-197.572
39.5637
13.7505
-200
43.4587
17.6455
-200
43.4587
17.6455
-197.572
39.5637
13.7505
-197.572
30.4363
13.7505
-200
26.5413
17.6455
-200
26.5413
17.6455
-197.572
30.4363
13.7505
-197.572
30.4363
-13.7505
-200
26.5413
-17.6455
-200
26.5413
-17.6455
-197.572
30.4363
-13.7505
-197.572
39.5637
-13.7505
-200
43.4587
-17.6455
-200
60
-17.6455
-197.572
56.105
-13.7505
-197.572
56.105
13.7505
-200
60
17.6455
-200
60
17.6455
-197.572
56.105
13.7505
-197.572
47.3538
13.7505
-200
43.4587
17.6455
-197.572
47.3538
13.7505
-197.572
47.3538
-13.7505
-200
43.4587
-17.6455
-197.572
47.3538
-13.7505
-197.572
56.105
-13.7505
-200
60
-17.6455
-200
10
17.6455
-197.572
13.895
13.7505
-197.572
13.895
-13.7505
-200
10
-17.6455
-200
10
-17.6455
-197.572
13.895
-13.7505
-197.572
22.6462
-13.7505
-200
26.5413
-17.6455
-197.572
22.6462
-13.7505
-197.572
22.6462
13.7505
-200
26.5413
17.6455
-197.572
22.6462
13.7505
-197.572
13.895
13.7505
-200
10
17.6455
-200
43.4587
52.9366
-197.572
39.5637
56.8317
-197.572
39.5637
83.605
-200
43.4587
87.5
-200
43.4587
87.5
-197.572
39.5637
83.605
-197.572
30.4363
83.605
-200
26.5412
87.5
-200
26.5412
87.5
-197.572
30.4363
83.605
-197.572
30.4363
56.8317
-200
26.5412
52.9366
-200
26.5412
52.9366
-197.572
30.4363
56.8317
-197.572
39.5637
56.8317
-200
43.4587
52.9366
-197.572
39.5637
21.5406
-197.572
39.5637
49.0416
-200
43.4587
52.9366
-197.572
39.5637
49.0416
-197.572
30.4363
49.0416
-200
26.5412
52.9366
-197.572
30.4363
49.0416
-197.572
30.4363
21.5406
-200
26.5413
17.6455
-197.572
30.4363
21.5406
-197.572
39.5637
21.5406
-200
43.4587
17.6455
-200
26.5413
-52.9366
-197.572
30.4363
-56.8317
-197.572
30.4363
-83.605
-200
26.5413
-87.5
-200
26.5413
-87.5
-197.572
30.4363
-83.605
-197.572
39.5637
-83.605
-200
43.4588
-87.5
-200
43.4588
-87.5
-197.572
39.5637
-83.605
-197.572
39.5637
-56.8317
-200
43.4588
-52.9366
-200
43.4588
-52.9366
-197.572
39.5637
-56.8317
-197.572
30.4363
-56.8317
-200
26.5413
-52.9366
-197.572
30.4363
-21.5406
-197.572
30.4363
-49.0416
-200
26.5413
-52.9366
-197.572
30.4363
-49.0416
-197.572
39.5637
-49.0416
-200
43.4588
-52.9366
-197.572
39.5637
-49.0416
-197.572
39.5637
-21.5406
-200
43.4587
-17.6455
-197.572
39.5637
-21.5406
-197.572
30.4363
-21.5406
-200
26.5413
-17.6455
-200
60
52.9366
-197.572
56.105
56.8317
-197.572
56.105
83.605
-200
60
87.5
-200
60
87.5
-197.572
56.105
83.605
-197.572
47.3538
83.605
-200
43.4587
87.5
-197.572
47.3538
83.605
-197.572
47.3538
56.8317
-200
43.4587
52.9366
-197.572
47.3538
56.8317
-197.572
56.105
56.8317
-200
60
52.9366
-197.572
56.105
21.5406
-197.572
56.105
49.0416
-200
60
52.9366
-197.572
56.105
49.0416
-197.572
47.3538
49.0416
-197.572
47.3538
49.0416
-197.572
47.3538
21.5406
-197.572
47.3538
21.5406
-197.572
56.105
21.5406
-200
60
17.6455
-200
43.4588
-52.9366
-197.572
47.3538
-56.8317
-197.572
47.3538
-83.605
-200
43.4588
-87.5
-197.572
47.3538
-83.605
-197.572
56.105
-83.605
-200
60
-87.5
-200
60
-87.5
-197.572
56.105
-83.605
-197.572
56.105
-56.8317
-200
60
-52.9366
-200
60
-52.9366
-197.572
56.105
-56.8317
-197.572
47.3538
-56.8317
-197.572
47.3538
-21.5406
-197.572
47.3538
-49.0416
-197.572
47.3538
-49.0416
-197.572
56.105
-49.0416
-200
60
-52.9366
-197.572
56.105
-49.0416
-197.572
56.105
-21.5406
-200
60
-17.6455
-197.572
56.105
-21.5406
-197.572
47.3538
-21.5406
-200
10
-52.9366
-197.572
13.895
-56.8317
-197.572
13.895
-83.605
-200
10
-87.5
-200
10
-87.5
-197.572
13.895
-83.605
-197.572
22.6462
-83.605
-200
26.5413
-87.5
-197.572
22.6462
-83.605
-197.572
22.6462
-56.8317
-200
26.5413
-52.9366
-197.572
22.6462
-56.8317
-197.572
13.895
-56.8317
-200
10
-52.9366
-197.572
13.895
-21.5406
-197.572
13.895
-49.0416
-200
10
-52.9366
-197.572
13.895
-49.0416
-197.572
22.6462
-49.0416
-197.572
22.6462
-49.0416
-197.572
22.6462
-21.5406
-197.572
22.6462
-21.5406
-197.572
13.895
-21.5406
-200
10
-17.6455
-200
26.5412
52.9366
-197.572
22.6462
56.8317
-197.572
22.6462
83.605
-200
26.5412
87.5
-197.572
22.6462
83.605
-197.572
13.895
83.605
-200
10
87.5
-200
10
87.5
-197.572
13.895
83.605
-197.572
13.895
56.8317
-200
10
52.9366
-200
10
52.9366
-197.572
13.895
56.8317
-197.572
22.6462
56.8317
-197.572
22.6462
21.5406
-197.572
22.6462
49.0416
-197.572
22.6462
49.0416
-197.572
13.895
49.0416
-200
10
52.9366
-197.572
13.895
49.0416
-197.572
13.895
21.5406
-200
10
17.6455
-197.572
13.895
21.5406
-197.572
22.6462
21.5406
-210
26.5412
52.9366
-210
43.4587
52.9366
-210
43.4587
87.5
-210
26.5412
87.5
-210
43.4588
-52.9366
-210
26.5413
-52.9366
-210
26.5413
-87.5
-210
43.4588
-87.5
-210
60
-17.6455
-210
60
17.6455
-210
10
17.6455
-210
10
-17.6455
-210
60
52.9366
-210
60
87.5
-210
10
87.5
-210
10
52.9366
-210
10
-52.9366
-210
10
-87.5
-210
60
-87.5
-210
60
-52.9366
-201.126
60.7667
54.0628
-201.126
60.7667
86.3738
-208.874
60.7667
86.3738
-208.874
60.7667
54.0628
-201.126
60.7667
18.7717
-201.126
60.7667
51.8104
-208.874
60.7667
51.8104
-208.874
60.7667
18.7717
-201.126
60.7667
-16.5193
-201.126
60.7667
16.5193
-208.874
60.7667
16.5193
-208.874
60.7667
-16.5193
-201.126
60.7667
-51.8104
-201.126
60.7667
-18.7717
-208.874
60.7667
-18.7717
-208.874
60.7667
-51.8104
-200
60
-87.5
-201.126
60.7667
-86.3738
-208.874
60.7667
-86.3738
-210
60
-87.5
-210
60
-87.5
-208.874
60.7667
-86.3738
-208.874
60.7667
-54.0628
-210
60
-52.9366
-210
60
-52.9366
-208.874
60.7667
-54.0628
-201.126
60.7667
-54.0628
-200
60
-52.9366
-200
60
-52.9366
-201.126
60.7667
-54.0628
-201.126
60.7667
-86.3738
-200
60
-87.5
-210
60
52.9366
-208.874
60.7667
54.0628
-208.874
60.7667
86.3738
-210
60
87.5
-210
60
87.5
-208.874
60.7667
86.3738
-201.126
60.7667
86.3738
-200
60
87.5
-200
60
87.5
-201.126
60.7667
86.3738
-201.126
60.7667
54.0628
-200
60
52.9366
-200
60
52.9366
-201.126
60.7667
54.0628
-208.874
60.7667
54.0628
-210
60
52.9366
-210
60
17.6455
-208.874
60.7667
18.7717
-208.874
60.7667
51.8104
-210
60
52.9366
-208.874
60.7667
51.8104
-201.126
60.7667
51.8104
-200
60
52.9366
-201.126
60.7667
51.8104
-201.126
60.7667
18.7717
-200
60
17.6455
-200
60
17.6455
-201.126
60.7667
18.7717
-208.874
60.7667
18.7717
-210
60
17.6455
-210
60
-17.6455
-208.874
60.7667
-16.5193
-208.874
60.7667
16.5193
-210
60
17.6455
-208.874
60.7667
16.5193
-201.126
60.7667
16.5193
-200
60
17.6455
-201.126
60.7667
16.5193
-201.126
60.7667
-16.5193
-200
60
-17.6455
-200
60
-17.6455
-201.126
60.7667
-16.5193
-208.874
60.7667
-16.5193
-210
60
-17.6455
-208.874
60.7667
-51.8104
-208.874
60.7667
-18.7717
-210
60
-17.6455
-208.874
60.7667
-18.7717
-201.126
60.7667
-18.7717
-200
60
-17.6455
-201.126
60.7667
-18.7717
-201.126
60.7667
-51.8104
-200
60
-52.9366
-201.126
60.7667
-51.8104
-208.874
60.7667
-51.8104
-210
60
-52.9366
-201.126
44.5849
-88.2667
-201.126
58.8738
-88.2667
-208.874
58.8738
-88.2667
-208.874
44.5849
-88.2667
-201.126
27.6674
-88.2667
-201.126
42.3326
-88.2667
-208.874
42.3326
-88.2667
-208.874
27.6674
-88.2667
-208.874
44.5849
88.2667
-208.874
58.8738
88.2667
-201.126
58.8738
88.2667
-201.126
44.5849
88.2667
-208.874
27.6674
88.2667
-208.874
42.3326
88.2667
-201.126
42.3326
88.2667
-201.126
27.6674
88.2667
-200
10
-87.5
-201.126
11.1262
-88.2667
-208.874
11.1262
-88.2667
-210
10
-87.5
-210
10
-87.5
-208.874
11.1262
-88.2667
-208.874
25.4151
-88.2667
-210
26.5413
-87.5
-210
26.5413
-87.5
-208.874
25.4151
-88.2667
-201.126
25.4151
-88.2667
-200
26.5413
-87.5
-200
26.5413
-87.5
-201.126
25.4151
-88.2667
-201.126
11.1262
-88.2667
-200
10
-87.5
-210
10
87.5
-208.874
11.1262
88.2667
-201.126
11.1262
88.2667
-200
10
87.5
-200
10
87.5
-201.126
11.1262
88.2667
-201.126
25.4151
88.2667
-200
26.5412
87.5
-200
26.5412
87.5
-201.126
25.4151
88.2667
-208.874
25.4151
88.2667
-210
26.5412
87.5
-210
26.5412
87.5
-208.874
25.4151
88.2667
-208.874
11.1262
88.2667
-210
10
87.5
-210
43.4588
-87.5
-208.874
44.5849
-88.2667
-208.874
58.8738
-88.2667
-210
60
-87.5
-210
60
-87.5
-208.874
58.8738
-88.2667
-201.126
58.8738
-88.2667
-200
60
-87.5
-200
60
-87.5
-201.126
58.8738
-88.2667
-201.126
44.5849
-88.2667
-200
43.4588
-87.5
-200
43.4588
-87.5
-201.126
44.5849
-88.2667
-208.874
44.5849
-88.2667
-210
43.4588
-87.5
-208.874
27.6674
-88.2667
-208.874
42.3326
-88.2667
-210
43.4588
-87.5
-208.874
42.3326
-88.2667
-201.126
42.3326
-88.2667
-200
43.4588
-87.5
-201.126
42.3326
-88.2667
-201.126
27.6674
-88.2667
-200
26.5413
-87.5
-201.126
27.6674
-88.2667
-208.874
27.6674
-88.2667
-210
26.5413
-87.5
-200
43.4587
87.5
-201.126
44.5849
88.2667
-201.126
58.8738
88.2667
-200
60
87.5
-200
60
87.5
-201.126
58.8738
88.2667
-208.874
58.8738
88.2667
-210
60
87.5
-210
60
87.5
-208.874
58.8738
88.2667
-208.874
44.5849
88.2667
-210
43.4587
87.5
-210
43.4587
87.5
-208.874
44.5849
88.2667
-201.126
44.5849
88.2667
-200
43.4587
87.5
-201.126
27.6674
88.2667
-201.126
42.3326
88.2667
-200
43.4587
87.5
-201.126
42.3326
88.2667
-208.874
42.3326
88.2667
-210
43.4587
87.5
-208.874
42.3326
88.2667
-208.874
27.6674
88.2667
-210
26.5412
87.5
-208.874
27.6674
88.2667
-201.126
27.6674
88.2667
-200
26.5412
87.5
-70
-3.82475e-06
87.5
-70
10
87.5
-70
3.82475e-06
-87.5
-70
-3.82475e-06
87.5
-70
10
87.5
-70
10
-87.5
-70
3.82475e-06
-87.5
-70
10
-87.5
2136
3
1
0
77
76
0
77
0
1
3
2
1
5
2
3
2
6
1
5
4
2
2
7
6
4
7
2
7
9
6
79
78
6
79
6
9
4
8
7
7
10
9
8
10
7
8
11
10
79
572
569
79
569
78
572
571
568
572
568
569
569
568
564
569
564
565
568
570
567
568
567
564
571
570
568
571
573
570
565
564
563
564
567
566
564
566
563
565
563
562
77
565
562
77
562
76
12
16
15
12
15
14
14
13
12
81
16
12
15
16
19
81
80
16
19
20
15
19
21
20
19
22
21
19
23
22
19
24
23
31
26
24
31
24
19
19
32
31
31
33
25
31
25
26
27
26
25
25
18
14
25
14
30
25
30
29
25
29
28
25
28
27
14
18
17
14
17
13
83
82
32
83
32
19
83
581
594
83
594
82
593
594
581
593
581
582
582
592
593
587
595
593
587
593
592
583
582
581
581
584
583
581
585
584
581
586
585
581
576
586
574
577
576
576
575
574
581
575
576
574
578
577
81
574
575
81
575
80
580
579
577
580
577
578
587
588
577
577
579
587
587
592
591
587
591
590
587
590
589
587
589
588
37
35
34
85
37
34
37
36
35
85
84
37
36
38
35
36
39
38
85
597
84
85
596
597
599
598
597
599
597
596
601
598
599
601
600
598
43
41
40
43
42
41
42
44
41
42
45
44
45
46
44
45
47
46
51
49
48
51
50
49
50
52
49
50
53
52
52
53
55
52
55
54
615
54
55
615
55
614
615
614
612
615
612
613
613
612
611
613
611
610
59
57
56
59
58
57
63
61
60
63
62
61
67
65
64
340
67
64
340
64
339
64
65
347
64
347
346
339
64
346
341
340
339
340
341
353
340
353
352
67
340
352
341
339
338
338
339
351
339
346
351
338
351
350
67
352
349
67
66
65
66
67
349
66
349
348
344
65
66
344
66
343
343
66
348
65
344
356
65
356
347
345
344
343
344
345
357
344
357
356
345
343
342
342
343
355
343
348
355
342
355
354
71
69
68
71
70
69
75
73
72
75
74
73
89
87
86
89
88
87
93
91
90
93
92
91
97
95
94
97
96
95
101
99
98
101
100
99
105
103
102
105
104
103
109
107
106
109
108
107
113
111
110
113
112
111
117
115
114
117
116
115
121
119
118
121
120
119
125
123
122
125
124
123
129
127
126
129
128
127
133
131
130
133
132
131
137
135
134
137
136
135
141
139
138
141
140
139
145
143
142
237
236
142
237
142
223
145
144
143
203
186
143
203
202
186
189
187
186
189
188
187
225
224
223
225
223
222
149
147
146
164
163
146
164
146
162
149
148
147
185
183
147
185
184
183
153
151
150
209
208
150
209
150
195
153
152
151
231
214
151
231
230
214
217
215
214
217
216
215
197
196
195
197
195
194
157
155
154
178
177
154
178
154
176
157
156
155
171
169
155
171
170
169
161
159
158
286
285
158
286
158
274
161
160
159
257
242
159
257
256
242
245
243
242
245
244
243
276
275
274
276
274
273
168
166
165
262
261
165
262
165
250
168
167
166
281
266
166
281
280
266
269
267
266
269
268
267
252
251
250
252
250
249
175
173
172
334
333
172
334
172
322
175
174
173
305
290
173
305
304
290
293
291
290
293
292
291
324
323
322
324
322
321
182
180
179
310
309
179
310
179
298
182
181
180
329
314
180
329
328
314
317
315
314
317
316
315
300
299
298
300
298
297
193
191
190
248
247
190
248
190
246
193
192
191
320
318
191
320
319
318
201
199
198
327
326
198
327
198
325
201
200
199
255
253
199
255
254
253
207
205
204
260
259
204
260
204
258
207
206
205
332
330
205
332
331
330
213
211
210
337
336
210
337
210
335
213
212
211
265
263
211
265
264
263
221
219
218
296
295
218
296
218
294
221
220
219
272
270
219
272
271
270
229
227
226
279
278
226
279
226
277
229
228
227
303
301
227
303
302
301
235
233
232
308
307
232
308
232
306
235
234
233
284
282
233
284
283
282
241
239
238
289
288
238
289
238
287
241
240
239
313
311
239
313
312
311
361
359
358
361
360
359
365
363
362
365
364
363
369
367
366
369
368
367
373
371
370
373
372
371
377
375
374
377
376
375
381
379
378
381
380
379
435
420
379
435
434
420
422
406
420
422
421
406
408
390
406
408
407
390
393
391
390
393
392
391
385
383
382
385
384
383
389
387
386
441
440
386
441
386
427
389
388
387
429
428
427
429
427
413
415
414
413
415
413
399
401
400
399
401
399
398
397
395
394
397
396
395
405
403
402
405
404
403
412
410
409
412
411
410
419
417
416
419
418
417
426
424
423
426
425
424
433
431
430
433
432
431
439
437
436
439
438
437
445
443
442
445
444
443
449
447
446
449
448
447
453
451
450
453
452
451
457
455
454
457
456
455
461
459
458
461
460
459
465
463
462
465
464
463
469
467
466
469
468
467
511
494
467
511
510
494
497
495
494
497
496
495
473
471
470
473
472
471
477
475
474
517
516
474
517
474
503
477
476
475
505
504
503
505
503
502
481
479
478
481
480
479
485
483
482
485
484
483
539
522
483
539
538
522
525
523
522
525
524
523
489
487
486
489
488
487
493
491
490
545
544
490
545
490
531
493
492
491
533
532
531
533
531
530
501
499
498
501
500
499
509
507
506
509
508
507
515
513
512
515
514
513
521
519
518
521
520
519
529
527
526
529
528
527
537
535
534
537
536
535
543
541
540
543
542
541
549
547
546
549
548
547
553
551
550
1101
550
551
553
552
551
1101
551
1100
557
555
554
557
556
555
561
559
558
561
560
559
561
1107
1106
561
1106
560
605
603
602
605
604
603
607
604
605
607
606
604
609
606
607
609
608
606
619
617
616
619
618
617
623
621
620
623
622
621
627
625
624
892
893
624
892
624
625
624
899
898
624
898
627
893
899
624
895
893
892
892
907
906
892
906
895
625
907
892
895
894
893
894
904
893
893
904
899
894
905
904
625
896
907
626
897
896
626
896
625
627
626
625
888
889
626
888
626
627
889
897
626
889
900
897
891
890
889
891
889
888
890
900
889
888
903
902
888
902
891
627
903
888
627
898
903
890
901
900
631
629
628
631
630
629
635
633
632
635
634
633
639
637
636
639
638
637
643
641
640
643
642
641
647
645
644
647
646
645
651
649
648
651
650
649
655
653
652
655
654
653
659
657
656
659
658
657
663
661
660
663
662
661
667
665
664
667
666
665
671
669
668
671
670
669
675
673
672
675
674
673
679
677
676
679
678
677
683
681
680
683
682
681
687
685
684
687
686
685
691
689
688
691
690
689
695
693
692
692
787
786
692
786
775
695
694
693
736
752
695
739
737
736
736
753
752
739
738
737
775
774
773
775
773
772
699
697
696
696
714
713
696
713
712
699
698
697
735
733
699
735
734
733
703
701
700
700
759
758
700
758
747
703
702
701
764
780
703
767
765
764
764
781
780
767
766
765
747
746
745
747
745
744
707
705
704
704
728
727
704
727
726
707
706
705
721
719
707
721
720
719
711
709
708
708
836
835
708
835
826
711
710
709
792
806
711
795
793
792
792
807
806
795
794
793
826
825
824
826
824
823
718
716
715
715
812
811
715
811
802
718
717
716
816
830
718
819
817
816
816
831
830
819
818
817
802
801
800
802
800
799
725
723
722
722
884
883
722
883
874
725
724
723
840
854
725
843
841
840
840
855
854
843
842
841
874
873
872
874
872
871
732
730
729
729
860
859
729
859
850
732
731
730
864
878
732
867
865
864
864
879
878
867
866
865
850
849
848
850
848
847
743
741
740
740
798
797
740
797
796
743
742
741
870
868
743
870
869
868
751
749
748
748
877
876
748
876
875
751
750
749
805
803
751
805
804
803
757
755
754
754
810
809
754
809
808
757
756
755
882
880
757
882
881
880
763
761
760
760
887
886
760
886
885
763
762
761
815
813
763
815
814
813
771
769
768
768
846
845
768
845
844
771
770
769
822
820
771
822
821
820
779
777
776
776
829
828
776
828
827
779
778
777
853
851
779
853
852
851
785
783
782
782
858
857
782
857
856
785
784
783
834
832
785
834
833
832
791
789
788
788
839
838
788
838
837
791
790
789
863
861
791
863
862
861
911
909
908
911
910
909
915
913
912
915
914
913
919
917
916
919
918
917
923
921
920
923
922
921
927
925
924
927
926
925
931
929
928
931
930
929
970
984
931
956
971
970
970
985
984
940
957
956
956
972
971
943
941
940
940
958
957
943
942
941
935
933
932
935
934
933
939
937
936
936
991
990
936
990
979
939
938
937
979
978
977
979
977
965
965
964
963
965
963
951
951
950
949
951
949
948
947
945
944
947
946
945
955
953
952
955
954
953
962
960
959
962
961
960
969
967
966
969
968
967
976
974
973
976
975
974
983
981
980
983
982
981
989
987
986
989
988
987
995
993
992
995
994
993
999
997
996
999
998
997
1003
1001
1000
1003
1002
1001
1007
1005
1004
1007
1006
1005
1011
1009
1008
1011
1010
1009
1015
1013
1012
1015
1014
1013
1019
1017
1016
1019
1018
1017
1044
1060
1019
1047
1045
1044
1044
1061
1060
1047
1046
1045
1023
1021
1020
1023
1022
1021
1027
1025
1024
1024
1067
1066
1024
1066
1055
1027
1026
1025
1055
1054
1053
1055
1053
1052
1031
1029
1028
1031
1030
1029
1035
1033
1032
1035
1034
1033
1072
1088
1035
1075
1073
1072
1072
1089
1088
1075
1074
1073
1039
1037
1036
1039
1038
1037
1043
1041
1040
1040
1095
1094
1040
1094
1083
1043
1042
1041
1083
1082
1081
1083
1081
1080
1051
1049
1048
1051
1050
1049
1059
1057
1056
1059
1058
1057
1065
1063
1062
1065
1064
1063
1071
1069
1068
1071
1070
1069
1079
1077
1076
1079
1078
1077
1087
1085
1084
1087
1086
1085
1093
1091
1090
1093
1092
1091
1099
1097
1096
1099
1098
1097
1105
1103
1102
1105
1104
1103
