294
95
-4.15258e-06
95
95
4.15258e-06
-95
57
4.15258e-06
-95
19
4.15258e-06
-95
-19
4.15258e-06
-95
-57
4.15258e-06
-95
-95
4.15258e-06
-95
-95
-4.15258e-06
95
-95
47.4995
95
95
47.4995
95
95
27.5003
95
-95
27.5003
95
-95
47.4996
-95
-95
47.4995
95
-95
27.5003
95
-95
27.5003
-95
95
47.4995
95
95
47.4996
-95
95
27.5003
-95
95
27.5003
95
94.4227
0.577346
94.4226
-94.4226
0.577346
94.4227
-94.2929
0.707111
-95
-57
1
-95
-19
1
-95
19
1
-95
57
1
-95
94.2929
0.707111
-95
-94.3707
27.8467
94.3708
94.3708
27.8467
94.3707
94.3448
47.7305
94.3448
-94.3448
47.7305
94.3448
-94.1758
27.9246
-95
-94.3707
27.8467
94.3708
-94.3448
47.7305
94.3448
-94.1172
47.7824
-95
94.3708
27.8467
94.3707
94.1757
27.9246
-95
94.1171
47.7824
-95
94.3448
47.7305
94.3448
57
4.15258e-06
-95
95
4.15258e-06
-95
94.2929
0.707111
-95
57
1
-95
19
4.15258e-06
-95
19
1
-95
-19
4.15258e-06
-95
-19
1
-95
-57
4.15258e-06
-95
-57
1
-95
-95
4.15258e-06
-95
-94.2929
0.707111
-95
95
75
95
-95
75
95
-94.2929
75
94.2929
94.2929
75
94.2929
-95
47.4996
-95
-95
27.5003
-95
-94.1758
27.9246
-95
-94.1172
47.7824
-95
-95
75
-95
-94
75
-95
95
75
-95
94
75
-95
95
47.4996
-95
94.1171
47.7824
-95
94.1757
27.9246
-95
95
27.5003
-95
-52.5
112.5
95
52.5
112.5
95
52.5
97.5
95
-52.5
97.5
95
-52.5
112.5
-9.99998
-52.5
112.5
95
-52.5
97.5
95
-52.5
97.5
-9.99998
52.5
112.5
95
52.5
112.5
-10
52.5
97.5
-10
52.5
97.5
95
-51.7929
97.5
94.2929
51.7929
97.5
94.2929
51.7929
112.5
94.2929
-51.7929
112.5
94.2929
-51.5
97.5
-9.99998
-51.7929
97.5
94.2929
-51.7929
112.5
94.2929
-51.5
112.5
-9.99998
51.7929
97.5
94.2929
51.5
97.5
-10
51.5
112.5
-10
51.7929
112.5
94.2929
-52.5
75
95
52.5
75
95
51.7929
75
94.2929
-51.7929
75
94.2929
52.5
135
95
-52.5
135
95
-51.7929
135
94.2929
51.7929
135
94.2929
-52.5
75
-9.99998
-51.5
75
-9.99998
-52.5
97.5
-9.99998
-51.5
97.5
-9.99998
-51.5
112.5
-9.99998
-52.5
112.5
-9.99998
-52.5
135
-9.99997
-51.5
135
-9.99997
52.5
75
-10
51.5
75
-10
52.5
135
-10
51.5
135
-10
52.5
112.5
-10
51.5
112.5
-10
51.5
97.5
-10
52.5
97.5
-10
15.6243
9.73188
-62.9964
15.6243
9.73188
-63.9964
-13.3757
9.73188
-63.9964
-14.3757
9.73188
-62.9964
-13.3757
9.73189
-93.8963
-14.3757
9.73189
-93.8963
-95
75
95
95
75
95
95
54.9998
95
-95
54.9998
95
95
-4.15258e-06
95
-95
-4.15258e-06
95
-95
20.0001
95
95
20.0001
95
-95
75
-95
-95
75
95
-95
54.9998
95
-95
54.9998
-95
-95
-4.15258e-06
95
-95
4.15258e-06
-95
-95
20.0001
-95
-95
20.0001
95
95
75
95
95
75
-95
95
54.9998
-95
95
54.9998
95
95
4.15258e-06
-95
95
-4.15258e-06
95
95
20.0001
95
95
20.0001
-95
-94.4226
0.577346
94.4227
94.4227
0.577346
94.4226
94.3967
20.462
94.3967
-94.3967
20.462
94.3967
-94.3967
20.462
94.3967
94.3967
20.462
94.3967
94.3708
27.8467
94.3707
-94.3707
27.8467
94.3708
94.2929
75
94.2929
-94.2929
75
94.2929
-94.3188
55.1152
94.3189
94.3189
55.1152
94.3188
94.3189
55.1152
94.3188
-94.3188
55.1152
94.3189
-94.3448
47.7305
94.3448
94.3448
47.7305
94.3448
-94.2929
0.707111
-95
-94.4226
0.577346
94.4227
-94.3967
20.462
94.3967
-94.2344
20.5658
-95
-94.2344
20.5658
-95
-94.3967
20.462
94.3967
-94.3707
27.8467
94.3708
-94.1758
27.9246
-95
-94.2929
75
94.2929
-94
75
-95
-94.0586
55.1412
-95
-94.3188
55.1152
94.3189
-94.3188
55.1152
94.3189
-94.0586
55.1412
-95
-94.1172
47.7824
-95
-94.3448
47.7305
94.3448
94.4227
0.577346
94.4226
94.2929
0.707111
-95
94.2343
20.5658
-95
94.3967
20.462
94.3967
94.3967
20.462
94.3967
94.2343
20.5658
-95
94.1757
27.9246
-95
94.3708
27.8467
94.3707
94
75
-95
94.2929
75
94.2929
94.3189
55.1152
94.3188
94.0585
55.1412
-95
94.0585
55.1412
-95
94.3189
55.1152
94.3188
94.3448
47.7305
94.3448
94.1171
47.7824
-95
-95
20.0001
-95
-94.2344
20.5658
-95
-94.0586
55.1412
-95
-94
75
-95
-95
75
-95
-95
54.9998
-95
95
75
-95
94
75
-95
94.0585
55.1412
-95
95
54.9998
-95
95
20.0001
-95
94.2343
20.5658
-95
-52.5
135
95
52.5
135
95
52.5
120
95
-52.5
120
95
52.5
75
95
-52.5
75
95
-52.5
90
95
52.5
90
95
-52.5
135
-9.99997
-52.5
135
95
-52.5
120
95
-52.5
120
-9.99997
-52.5
75
95
-52.5
75
-9.99998
-52.5
90
-9.99998
-52.5
90
95
52.5
135
95
52.5
135
-10
52.5
120
-10
52.5
120
95
52.5
75
-10
52.5
75
95
52.5
90
95
52.5
90
-10
-51.7929
75
94.2929
51.7929
75
94.2929
51.7929
90
94.2929
-51.7929
90
94.2929
-51.7929
90
94.2929
51.7929
90
94.2929
51.7929
97.5
94.2929
-51.7929
97.5
94.2929
51.7929
135
94.2929
-51.7929
135
94.2929
-51.7929
120
94.2929
51.7929
120
94.2929
51.7929
120
94.2929
-51.7929
120
94.2929
-51.7929
112.5
94.2929
51.7929
112.5
94.2929
-51.5
75
-9.99998
-51.7929
75
94.2929
-51.7929
90
94.2929
-51.5
90
-9.99998
-51.5
90
-9.99998
-51.7929
90
94.2929
-51.7929
97.5
94.2929
-51.5
97.5
-9.99998
-51.7929
135
94.2929
-51.5
135
-9.99997
-51.5
120
-9.99997
-51.7929
120
94.2929
-51.7929
120
94.2929
-51.5
120
-9.99997
-51.5
112.5
-9.99998
-51.7929
112.5
94.2929
51.7929
75
94.2929
51.5
75
-10
51.5
90
-10
51.7929
90
94.2929
51.7929
90
94.2929
51.5
90
-10
51.5
97.5
-10
51.7929
97.5
94.2929
51.5
135
-10
51.7929
135
94.2929
51.7929
120
94.2929
51.5
120
-10
51.5
120
-10
51.7929
120
94.2929
51.7929
112.5
94.2929
51.5
112.5
-10
-52.5
75
-9.99998
-51.5
75
-9.99998
-51.5
90
-9.99998
-52.5
90
-9.99998
-51.5
135
-9.99997
-52.5
135
-9.99997
-52.5
120
-9.99997
-51.5
120
-9.99997
52.5
135
-10
51.5
135
-10
51.5
120
-10
52.5
120
-10
51.5
75
-10
52.5
75
-10
52.5
90
-10
51.5
90
-10
612
0
7
6
0
6
5
0
5
4
0
4
3
0
3
2
2
1
0
11
9
8
8
9
124
8
124
125
11
10
9
10
11
128
10
128
129
129
128
127
129
127
126
125
124
123
125
123
122
15
13
12
12
13
132
12
132
133
15
14
13
14
15
136
14
136
137
137
136
135
137
135
134
133
132
131
133
131
130
19
17
16
16
17
140
16
140
141
19
18
17
18
19
144
18
144
145
145
144
143
145
143
142
141
140
139
141
139
138
20
27
26
20
26
25
20
25
24
20
24
23
20
23
22
22
21
20
31
29
28
31
30
29
35
33
32
35
34
33
39
37
36
39
38
37
43
41
40
45
43
40
45
40
44
43
42
41
205
204
41
205
41
42
66
204
205
66
67
204
67
66
65
67
65
64
64
65
202
64
202
203
203
202
201
203
201
200
47
45
44
47
44
46
49
47
46
49
46
48
51
49
48
51
48
50
195
51
50
195
50
194
58
195
194
58
194
57
59
58
57
59
57
56
56
196
59
56
199
196
199
197
196
199
198
197
55
53
52
63
55
52
63
52
62
55
54
53
54
60
53
54
61
60
71
69
68
68
69
208
68
208
209
71
70
69
70
71
212
70
212
213
213
212
211
213
211
210
209
208
207
209
207
206
75
73
72
72
73
216
72
216
217
75
74
73
74
75
220
74
220
221
221
220
219
221
219
218
217
216
215
217
215
214
79
77
76
76
77
224
76
224
225
79
78
77
78
79
228
78
228
229
229
228
227
229
227
226
225
224
223
225
223
222
83
81
80
83
82
81
87
85
84
87
86
85
91
89
88
91
90
89
95
93
92
101
95
92
101
92
100
95
94
93
94
108
93
94
109
108
99
97
96
111
99
96
111
96
110
99
98
97
98
106
97
98
107
106
105
103
102
102
103
280
102
280
281
105
104
103
104
105
284
104
284
285
285
284
283
285
283
282
281
280
279
281
279
278
115
113
112
112
113
288
112
288
289
115
114
113
114
115
292
114
292
293
293
292
291
293
291
290
289
288
287
289
287
286
119
117
116
119
118
117
121
118
119
121
120
118
149
147
146
149
148
147
153
151
150
153
152
151
157
155
154
157
156
155
161
159
158
161
160
159
165
163
162
165
164
163
169
167
166
169
168
167
173
171
170
173
172
171
177
175
174
177
176
175
181
179
178
181
180
179
185
183
182
185
184
183
189
187
186
189
188
187
193
191
190
193
192
191
233
231
230
233
232
231
237
235
234
237
236
235
241
239
238
241
240
239
245
243
242
245
244
243
249
247
246
249
248
247
253
251
250
253
252
251
257
255
254
257
256
255
261
259
258
261
260
259
265
263
262
265
264
263
269
267
266
269
268
267
273
271
270
273
272
271
277
275
274
277
276
275
