1680
-1.19562e-06
-1.19562e-06
27.3527
-1.16225e-06
2.84924
26.5892
6.8818
2.84924
25.6832
7.07939
-1.15488e-06
26.4207
-1.07108e-06
4.93502
24.5034
6.34196
4.93502
23.6685
-9.46535e-07
5.69847
21.6542
5.60452
5.69847
20.9163
-8.21991e-07
4.93502
18.805
4.86708
4.93502
18.1642
-7.30818e-07
2.84924
16.7192
4.32724
2.84924
16.1495
-6.97447e-07
1.62999e-07
15.9557
4.12965
1.86764e-07
15.412
13.2946
2.84924
23.0269
13.6763
-1.03544e-06
23.6881
12.2517
4.93502
21.2206
10.8271
5.69847
18.7531
9.40248
4.93502
16.2856
8.35959
2.84924
14.4792
7.97786
2.56439e-07
13.8181
18.8014
2.84924
18.8014
19.3413
-8.45433e-07
19.3413
17.3265
4.93502
17.3265
15.3118
5.69847
15.3118
13.2971
4.93502
13.2971
11.8222
2.84924
11.8222
11.2824
3.67276e-07
11.2824
23.0269
2.84924
13.2946
23.6881
-5.97812e-07
13.6763
21.2206
4.93502
12.2517
18.7531
5.69847
10.8271
16.2856
4.93502
9.40248
14.4792
2.84924
8.35959
13.8181
5.11722e-07
7.97786
25.6832
2.84924
6.8818
26.4207
-3.0945e-07
7.07939
23.6685
4.93502
6.34196
20.9163
5.69847
5.60452
18.1642
4.93502
4.86708
16.1495
2.84924
4.32724
15.412
6.79933e-07
4.12965
26.5892
2.84924
1.24544e-07
27.3527
0
0
24.5034
4.93502
2.15717e-07
21.6542
5.69847
2.49088e-07
18.805
4.93502
2.15717e-07
16.7192
2.84924
1.24544e-07
15.9557
8.60446e-07
3.76113e-14
25.6832
2.84924
-6.8818
26.4207
3.0945e-07
-7.07939
23.6685
4.93502
-6.34196
20.9163
5.69847
-5.60452
18.1642
4.93502
-4.86708
16.1495
2.84924
-4.32724
15.412
1.04096e-06
-4.12965
23.0269
2.84924
-13.2946
23.6881
5.97812e-07
-13.6763
21.2206
4.93502
-12.2517
18.7531
5.69847
-10.8271
16.2856
4.93502
-9.40248
14.4792
2.84924
-8.35959
13.8181
1.20917e-06
-7.97786
18.8014
2.84924
-18.8014
19.3413
8.45433e-07
-19.3413
17.3265
4.93502
-17.3265
15.3118
5.69847
-15.3118
13.2971
4.93502
-13.2971
11.8222
2.84924
-11.8222
11.2824
1.35362e-06
-11.2824
13.2946
2.84924
-23.0269
13.6763
1.03544e-06
-23.6881
12.2517
4.93502
-21.2206
10.8271
5.69847
-18.7531
9.40248
4.93502
-16.2856
8.35959
2.84924
-14.4792
7.97786
1.46445e-06
-13.8181
6.8818
2.84924
-25.6832
7.07939
1.15488e-06
-26.4207
6.34196
4.93502
-23.6685
5.60452
5.69847
-20.9163
4.86708
4.93502
-18.1642
4.32724
2.84924
-16.1495
4.12965
1.53413e-06
-15.412
2.00743e-06
2.84924
-26.5892
2.06507e-06
1.19562e-06
-27.3527
1.84996e-06
4.93502
-24.5034
1.63485e-06
5.69847
-21.6542
1.41974e-06
4.93502
-18.805
1.26226e-06
2.84924
-16.7192
1.20462e-06
1.55789e-06
-15.9557
-6.88179
2.84924
-25.6832
-7.07939
1.15488e-06
-26.4207
-6.34195
4.93502
-23.6685
-5.60452
5.69847
-20.9164
-4.86708
4.93502
-18.1642
-4.32724
2.84924
-16.1495
-4.12964
1.53413e-06
-15.412
-13.2946
2.84924
-23.0269
-13.6763
1.03544e-06
-23.6881
-12.2517
4.93502
-21.2206
-10.8271
5.69847
-18.7531
-9.40248
4.93502
-16.2856
-8.35959
2.84924
-14.4792
-7.97786
1.46445e-06
-13.8181
-18.8014
2.84924
-18.8014
-19.3413
8.45433e-07
-19.3413
-17.3265
4.93502
-17.3265
-15.3118
5.69847
-15.3118
-13.2971
4.93502
-13.2971
-11.8222
2.84924
-11.8222
-11.2824
1.35362e-06
-11.2824
-23.0269
2.84924
-13.2946
-23.6881
5.97812e-07
-13.6763
-21.2206
4.93502
-12.2517
-18.7531
5.69847
-10.8271
-16.2856
4.93502
-9.40249
-14.4792
2.84924
-8.35959
-13.8181
1.20917e-06
-7.97787
-25.6832
2.84924
-6.88181
-26.4207
3.0945e-07
-7.0794
-23.6685
4.93502
-6.34196
-20.9163
5.69847
-5.60453
-18.1642
4.93502
-4.86709
-16.1495
2.84924
-4.32725
-15.412
1.04096e-06
-4.12965
-26.5892
2.84924
-1.02297e-05
-27.3527
4.65593e-13
-1.06515e-05
-24.5034
4.93502
-9.32627e-06
-21.6542
5.69847
-8.18337e-06
-18.805
4.93502
-7.10721e-06
-16.7192
2.84924
-6.38614e-06
-15.9557
8.60446e-07
-6.21339e-06
-25.6832
2.84924
6.88179
-26.4207
-3.0945e-07
7.07938
-23.6685
4.93502
6.34195
-20.9164
5.69847
5.60451
-18.1642
4.93502
4.86707
-16.1495
2.84924
4.32723
-15.412
6.79933e-07
4.12964
-23.0269
2.84924
13.2946
-23.6881
-5.97811e-07
13.6763
-21.2206
4.93502
12.2517
-18.7531
5.69847
10.8271
-16.2856
4.93502
9.40247
-14.4792
2.84924
8.35958
-13.8181
5.11722e-07
7.97786
-18.8014
2.84924
18.8014
-19.3413
-8.45433e-07
19.3413
-17.3266
4.93502
17.3265
-15.3118
5.69847
15.3118
-13.2971
4.93502
13.2971
-11.8223
2.84924
11.8222
-11.2824
3.67276e-07
11.2824
-13.2946
2.84924
23.0269
-13.6763
-1.03544e-06
23.6881
-12.2517
4.93502
21.2206
-10.8271
5.69847
18.7531
-9.40249
4.93502
16.2856
-8.35959
2.84924
14.4792
-7.97787
2.56439e-07
13.8181
-6.88181
2.84924
25.6832
-7.0794
-1.15488e-06
26.4206
-6.34197
4.93502
23.6685
-5.60453
5.69847
20.9163
-4.86709
4.93502
18.1642
-4.32725
2.84924
16.1495
-4.12965
1.86764e-07
15.412
27.3527
9.32976
4.07817e-07
26.4207
9.32976
7.07939
25.9803
11.0213
6.9614
26.8968
11.0213
4.81755e-07
23.6881
9.32976
13.6763
23.2933
11.0213
13.4484
19.3413
9.32976
19.3413
19.0189
11.0213
19.0189
13.6763
9.32976
23.6881
13.4484
11.0213
23.2933
7.07939
9.32976
26.4207
6.9614
11.0213
25.9803
2.06507e-06
9.32976
27.3527
2.03065e-06
11.0213
26.8968
-7.07939
9.32976
26.4207
-6.9614
11.0213
25.9803
-13.6763
9.32976
23.6881
-13.4484
11.0213
23.2933
-19.3413
9.32976
19.3413
-19.0189
11.0213
19.0189
-23.6881
9.32976
13.6763
-23.2933
11.0213
13.4484
-26.4206
9.32976
7.0794
-25.9803
11.0213
6.96141
-27.3527
9.32976
1.10593e-05
-26.8968
11.0213
1.09558e-05
-26.4207
9.32976
-7.07938
-25.9803
11.0213
-6.96139
-23.6881
9.32976
-13.6763
-23.2933
11.0213
-13.4484
-19.3413
9.32976
-19.3413
-19.0189
11.0213
-19.0189
-13.6763
9.32976
-23.6881
-13.4484
11.0213
-23.2933
-7.0794
9.32976
-26.4206
-6.96141
11.0213
-25.9803
-1.27166e-05
9.32976
-27.3527
-1.25046e-05
11.0213
-26.8968
7.07938
9.32976
-26.4207
6.96139
11.0213
-25.9803
13.6763
9.32976
-23.6881
13.4484
11.0213
-23.2933
19.3412
9.32976
-19.3413
19.0189
11.0213
-19.0189
23.6881
9.32976
-13.6764
23.2933
11.0213
-13.4484
26.4206
9.32976
-7.07941
25.9803
11.0213
-6.96142
24.9005
12.3087
6.67206
25.7789
12.3087
5.08548e-07
22.3251
12.3087
12.8894
18.2284
12.3087
18.2284
12.8894
12.3087
22.3251
6.67206
12.3087
24.9005
1.8612e-06
12.3087
25.7789
-6.67206
12.3087
24.9005
-12.8894
12.3087
22.3252
-18.2284
12.3087
18.2284
-22.3251
12.3087
12.8894
-24.9005
12.3087
6.67207
-25.7789
12.3087
1.05472e-05
-24.9005
12.3087
-6.67205
-22.3252
12.3087
-12.8894
-18.2284
12.3087
-18.2284
-12.8894
12.3087
-22.3251
-6.67207
12.3087
-24.9005
-1.207e-05
12.3087
-25.7789
6.67205
12.3087
-24.9005
12.8894
12.3087
-22.3252
18.2284
12.3087
-18.2284
22.3251
12.3087
-12.8894
24.9005
12.3087
-6.67208
24.2398
12.7646
6.49504
25.0949
12.7646
5.50589e-07
21.7328
12.7646
12.5475
17.7448
12.7646
17.7448
12.5475
12.7646
21.7328
6.49504
12.7646
24.2398
1.76275e-06
12.7646
25.0949
-6.49504
12.7646
24.2398
-12.5474
12.7646
21.7328
-17.7448
12.7646
17.7448
-21.7328
12.7646
12.5475
-24.2398
12.7646
6.49505
-25.0949
12.7646
1.03229e-05
-24.2398
12.7646
-6.49503
-21.7328
12.7646
-12.5474
-17.7448
12.7646
-17.7448
-12.5475
12.7646
-21.7328
-6.49505
12.7646
-24.2398
-1.17988e-05
12.7646
-25.0949
6.49503
12.7646
-24.2398
12.5474
12.7646
-21.7328
17.7448
12.7646
-17.7448
21.7328
12.7646
-12.5475
24.2398
12.7646
-6.49506
23.1654
13.2205
6.20715
23.9826
13.2205
6.46473e-07
20.7695
13.2205
11.9913
16.9583
13.2205
16.9582
11.9913
13.2205
20.7695
6.20715
13.2205
23.1654
1.53354e-06
13.2205
23.9826
-6.20715
13.2205
23.1654
-11.9913
13.2205
20.7695
-16.9582
13.2205
16.9583
-20.7695
13.2205
11.9913
-23.1654
13.2205
6.20716
-23.9826
13.2205
9.98564e-06
-23.1654
13.2205
-6.20714
-20.7695
13.2205
-11.9913
-16.9583
13.2205
-16.9582
-11.9913
13.2205
-20.7695
-6.20716
13.2205
-23.1654
-1.14269e-05
13.2205
-23.9826
6.20714
13.2205
-23.1654
11.9913
13.2205
-20.7695
16.9582
13.2205
-16.9583
20.7695
13.2205
-11.9913
23.1654
13.2205
-6.20717
19.1502
13.6763
5.13127
19.8257
13.6763
7.96853e-07
17.1696
13.6763
9.91286
14.0189
13.6763
14.0189
9.91286
13.6763
17.1696
5.13127
13.6763
19.1502
6.53244e-07
13.6763
19.8257
-5.13127
13.6763
19.1502
-9.91286
13.6763
17.1696
-14.0189
13.6763
14.0189
-17.1696
13.6763
9.91287
-19.1502
13.6763
5.13128
-19.8257
13.6763
8.51727e-06
-19.1502
13.6763
-5.13126
-17.1696
13.6763
-9.91285
-14.0189
13.6763
-14.0189
-9.91287
13.6763
-17.1696
-5.13128
13.6763
-19.1502
-1.00608e-05
13.6763
-19.8257
5.13126
13.6763
-19.1502
9.91285
13.6763
-17.1696
14.0189
13.6763
-14.0189
17.1696
13.6763
-9.91287
19.1502
13.6763
-5.13129
23.6881
4.55878
-13.6764
19.3412
4.55878
-19.3413
13.6763
4.55878
-23.6881
7.07938
4.55878
-26.4207
-1.27339e-05
4.55878
-27.3527
-7.0794
4.55878
-26.4206
-13.6763
4.55878
-23.6881
-19.3413
4.55878
-19.3413
-23.6881
4.55878
-13.6763
-26.4207
4.55878
-7.07938
-27.3527
4.55878
1.08508e-05
-26.4207
4.55878
7.0794
-23.6881
4.55878
13.6763
-19.3413
4.55878
19.3413
-13.6763
4.55878
23.6881
-7.07939
4.55878
26.4207
2.07371e-06
4.55878
27.3527
7.07939
4.55878
26.4207
13.6763
4.55878
23.6881
19.3413
4.55878
19.3413
23.6881
4.55878
13.6763
26.4207
4.55878
7.07939
27.3527
4.55878
1.81993e-07
26.4206
4.55878
-7.07941
19.1502
13.6763
5.13127
17.1696
13.6763
9.91286
14.0189
13.6763
14.0189
9.91286
13.6763
17.1696
5.13127
13.6763
19.1502
6.53244e-07
13.6763
19.8257
-5.13127
13.6763
19.1502
-9.91286
13.6763
17.1696
-14.0189
13.6763
14.0189
-17.1696
13.6763
9.91287
-19.1502
13.6763
5.13128
-19.8257
13.6763
8.51727e-06
-19.1502
13.6763
-5.13126
-17.1696
13.6763
-9.91285
-14.0189
13.6763
-14.0189
-9.91287
13.6763
-17.1696
-5.13128
13.6763
-19.1502
-1.00608e-05
13.6763
-19.8257
5.13126
13.6763
-19.1502
9.91285
13.6763
-17.1696
14.0189
13.6763
-14.0189
17.1696
13.6763
-9.91287
19.1502
13.6763
-5.13129
19.8257
13.6763
7.96853e-07
27.3527
9.32976
4.07817e-07
27.6928
8.09431
3.91755e-07
26.7492
8.09431
7.16742
26.4207
9.32976
7.07939
26.4206
9.32976
-7.07941
26.7491
8.09431
-7.16743
27.6928
8.09431
3.91755e-07
27.3527
9.32976
4.07817e-07
23.6881
9.32976
-13.6764
23.9826
8.09432
-13.8464
26.7491
8.09431
-7.16743
26.4206
9.32976
-7.07941
19.3412
9.32976
-19.3413
19.5817
8.09432
-19.5818
23.9826
8.09432
-13.8464
23.6881
9.32976
-13.6764
13.6763
9.32976
-23.6881
13.8464
8.09432
-23.9826
19.5817
8.09432
-19.5818
19.3412
9.32976
-19.3413
7.07938
9.32976
-26.4207
7.1674
8.09432
-26.7492
13.8464
8.09432
-23.9826
13.6763
9.32976
-23.6881
-1.27166e-05
9.32976
-27.3527
-1.28224e-05
8.09432
-27.6928
7.1674
8.09432
-26.7492
7.07938
9.32976
-26.4207
-7.0794
9.32976
-26.4206
-7.16742
8.09432
-26.7492
-1.28224e-05
8.09432
-27.6928
-1.27166e-05
9.32976
-27.3527
-13.6763
9.32976
-23.6881
-13.8464
8.09432
-23.9826
-7.16742
8.09432
-26.7492
-7.0794
9.32976
-26.4206
-19.3413
9.32976
-19.3413
-19.5818
8.09432
-19.5817
-13.8464
8.09432
-23.9826
-13.6763
9.32976
-23.6881
-23.6881
9.32976
-13.6763
-23.9826
8.09432
-13.8464
-19.5818
8.09432
-19.5817
-19.3413
9.32976
-19.3413
-26.4207
9.32976
-7.07938
-26.7492
8.09431
-7.1674
-23.9826
8.09432
-13.8464
-23.6881
9.32976
-13.6763
-27.3527
9.32976
1.10593e-05
-27.6928
8.09431
1.11757e-05
-26.7492
8.09431
-7.1674
-26.4207
9.32976
-7.07938
-26.4206
9.32976
7.0794
-26.7492
8.09431
7.16743
-27.6928
8.09431
1.11757e-05
-27.3527
9.32976
1.10593e-05
-23.6881
9.32976
13.6763
-23.9826
8.09431
13.8464
-26.7492
8.09431
7.16743
-26.4206
9.32976
7.0794
-19.3413
9.32976
19.3413
-19.5817
8.09431
19.5817
-23.9826
8.09431
13.8464
-23.6881
9.32976
13.6763
-13.6763
9.32976
23.6881
-13.8464
8.09431
23.9826
-19.5817
8.09431
19.5817
-19.3413
9.32976
19.3413
-7.07939
9.32976
26.4207
-7.16741
8.09431
26.7492
-13.8464
8.09431
23.9826
-13.6763
9.32976
23.6881
2.06507e-06
9.32976
27.3527
2.14307e-06
8.09431
27.6928
-7.16741
8.09431
26.7492
-7.07939
9.32976
26.4207
7.07939
9.32976
26.4207
7.16742
8.09431
26.7492
2.14307e-06
8.09431
27.6928
2.06507e-06
9.32976
27.3527
13.6763
9.32976
23.6881
13.8464
8.09431
23.9826
7.16742
8.09431
26.7492
7.07939
9.32976
26.4207
19.3413
9.32976
19.3413
19.5817
8.09431
19.5817
13.8464
8.09431
23.9826
13.6763
9.32976
23.6881
23.6881
9.32976
13.6763
23.9826
8.09431
13.8464
19.5817
8.09431
19.5817
19.3413
9.32976
19.3413
26.4207
9.32976
7.07939
26.7492
8.09431
7.16742
23.9826
8.09431
13.8464
23.6881
9.32976
13.6763
26.4858
6.85887
7.09685
27.4201
6.85887
3.93392e-07
26.2031
6.83817
6.01256e-07
25.3103
6.83817
6.78187
27.4201
6.85887
3.93392e-07
26.4858
6.85887
-7.09686
25.3103
6.83817
-6.78189
26.2031
6.83817
6.01256e-07
26.4858
6.85887
-7.09686
23.7465
6.85887
-13.7101
22.6926
6.83817
-13.1016
25.3103
6.83817
-6.78189
23.7465
6.85887
-13.7101
19.3889
6.85887
-19.3889
18.5284
6.83817
-18.5284
22.6926
6.83817
-13.1016
19.3889
6.85887
-19.3889
13.71
6.85887
-23.7465
13.1016
6.83817
-22.6926
18.5284
6.83817
-18.5284
13.71
6.85887
-23.7465
7.09683
6.85887
-26.4858
6.78186
6.83817
-25.3103
13.1016
6.83817
-22.6926
7.09683
6.85887
-26.4858
-1.27286e-05
6.85887
-27.4201
-1.2181e-05
6.83817
-26.2031
6.78186
6.83817
-25.3103
-1.27286e-05
6.85887
-27.4201
-7.09685
6.85887
-26.4858
-6.78188
6.83817
-25.3103
-1.2181e-05
6.83817
-26.2031
-7.09685
6.85887
-26.4858
-13.7101
6.85887
-23.7465
-13.1016
6.83817
-22.6926
-6.78188
6.83817
-25.3103
-13.7101
6.85887
-23.7465
-19.3889
6.85887
-19.3889
-18.5284
6.83817
-18.5284
-13.1016
6.83817
-22.6926
-19.3889
6.85887
-19.3889
-23.7465
6.85887
-13.71
-22.6926
6.83817
-13.1016
-18.5284
6.83817
-18.5284
-23.7465
6.85887
-13.71
-26.4858
6.85887
-7.09683
-25.3103
6.83817
-6.78186
-22.6926
6.83817
-13.1016
-26.4858
6.85887
-7.09683
-27.4201
6.85887
1.10712e-05
-26.2031
6.83817
1.05876e-05
-25.3103
6.83817
-6.78186
-27.4201
6.85887
1.10712e-05
-26.4858
6.85887
7.09685
-25.3103
6.83817
6.78188
-26.2031
6.83817
1.05876e-05
-26.4858
6.85887
7.09685
-23.7465
6.85887
13.7101
-22.6926
6.83817
13.1016
-25.3103
6.83817
6.78188
-23.7465
6.85887
13.7101
-19.3889
6.85887
19.3889
-18.5284
6.83817
18.5284
-22.6926
6.83817
13.1016
-19.3889
6.85887
19.3889
-13.71
6.85887
23.7465
-13.1016
6.83817
22.6926
-18.5284
6.83817
18.5284
-13.71
6.85887
23.7465
-7.09684
6.85887
26.4858
-6.78187
6.83817
25.3103
-13.1016
6.83817
22.6926
-7.09684
6.85887
26.4858
2.08947e-06
6.85887
27.4201
2.05643e-06
6.83817
26.2031
-6.78187
6.83817
25.3103
2.08947e-06
6.85887
27.4201
7.09684
6.85887
26.4858
6.78187
6.83817
25.3103
2.05643e-06
6.83817
26.2031
7.09684
6.85887
26.4858
13.71
6.85887
23.7465
13.1016
6.83817
22.6926
6.78187
6.83817
25.3103
13.71
6.85887
23.7465
19.3889
6.85887
19.3889
18.5284
6.83817
18.5284
13.1016
6.83817
22.6926
19.3889
6.85887
19.3889
23.7465
6.85887
13.71
22.6926
6.83817
13.1016
18.5284
6.83817
18.5284
23.7465
6.85887
13.71
26.4858
6.85887
7.09685
25.3103
6.83817
6.78187
22.6926
6.83817
13.1016
25.3103
6.83817
6.78187
26.2031
6.83817
6.01256e-07
26.9087
5.69847
2.35951e-07
25.9918
5.69847
6.96448
26.2031
6.83817
6.01256e-07
25.3103
6.83817
-6.78189
25.9918
5.69847
-6.9645
26.9087
5.69847
2.35951e-07
25.3103
6.83817
-6.78189
22.6926
6.83817
-13.1016
23.3036
5.69847
-13.4543
25.9918
5.69847
-6.9645
22.6926
6.83817
-13.1016
18.5284
6.83817
-18.5284
19.0273
5.69847
-19.0273
23.3036
5.69847
-13.4543
18.5284
6.83817
-18.5284
13.1016
6.83817
-22.6926
13.4543
5.69847
-23.3036
19.0273
5.69847
-19.0273
13.1016
6.83817
-22.6926
6.78186
6.83817
-25.3103
6.96446
5.69847
-25.9918
13.4543
5.69847
-23.3036
6.78186
6.83817
-25.3103
-1.2181e-05
6.83817
-26.2031
-1.26029e-05
5.69847
-26.9087
6.96446
5.69847
-25.9918
-1.2181e-05
6.83817
-26.2031
-6.78188
6.83817
-25.3103
-6.96449
5.69847
-25.9918
-1.26029e-05
5.69847
-26.9087
-6.78188
6.83817
-25.3103
-13.1016
6.83817
-22.6926
-13.4543
5.69847
-23.3036
-6.96449
5.69847
-25.9918
-13.1016
6.83817
-22.6926
-18.5284
6.83817
-18.5284
-19.0273
5.69847
-19.0273
-13.4543
5.69847
-23.3036
-18.5284
6.83817
-18.5284
-22.6926
6.83817
-13.1016
-23.3036
5.69847
-13.4543
-19.0273
5.69847
-19.0273
-22.6926
6.83817
-13.1016
-25.3103
6.83817
-6.78186
-25.9918
5.69847
-6.96446
-23.3036
5.69847
-13.4543
-25.3103
6.83817
-6.78186
-26.2031
6.83817
1.05876e-05
-26.9087
5.69847
1.07316e-05
-25.9918
5.69847
-6.96446
-26.2031
6.83817
1.05876e-05
-25.3103
6.83817
6.78188
-25.9918
5.69847
6.96449
-26.9087
5.69847
1.07316e-05
-25.3103
6.83817
6.78188
-22.6926
6.83817
13.1016
-23.3036
5.69847
13.4543
-25.9918
5.69847
6.96449
-22.6926
6.83817
13.1016
-18.5284
6.83817
18.5284
-19.0273
5.69847
19.0273
-23.3036
5.69847
13.4543
-18.5284
6.83817
18.5284
-13.1016
6.83817
22.6926
-13.4543
5.69847
23.3036
-19.0273
5.69847
19.0273
-13.1016
6.83817
22.6926
-6.78187
6.83817
25.3103
-6.96447
5.69847
25.9918
-13.4543
5.69847
23.3036
-6.78187
6.83817
25.3103
2.05643e-06
6.83817
26.2031
1.96433e-06
5.69847
26.9087
-6.96447
5.69847
25.9918
2.05643e-06
6.83817
26.2031
6.78187
6.83817
25.3103
6.96448
5.69847
25.9918
1.96433e-06
5.69847
26.9087
6.78187
6.83817
25.3103
13.1016
6.83817
22.6926
13.4543
5.69847
23.3036
6.96448
5.69847
25.9918
13.1016
6.83817
22.6926
18.5284
6.83817
18.5284
19.0273
5.69847
19.0273
13.4543
5.69847
23.3036
18.5284
6.83817
18.5284
22.6926
6.83817
13.1016
23.3036
5.69847
13.4543
19.0273
5.69847
19.0273
22.6926
6.83817
13.1016
25.3103
6.83817
6.78187
25.9918
5.69847
6.96448
23.3036
5.69847
13.4543
25.9918
5.69847
6.96448
26.9087
5.69847
2.35951e-07
27.3527
4.55878
1.81993e-07
26.4207
4.55878
7.07939
26.9087
5.69847
2.35951e-07
25.9918
5.69847
-6.9645
26.4206
4.55878
-7.07941
27.3527
4.55878
1.81993e-07
25.9918
5.69847
-6.9645
23.3036
5.69847
-13.4543
23.6881
4.55878
-13.6764
26.4206
4.55878
-7.07941
23.3036
5.69847
-13.4543
19.0273
5.69847
-19.0273
19.3412
4.55878
-19.3413
23.6881
4.55878
-13.6764
19.0273
5.69847
-19.0273
13.4543
5.69847
-23.3036
13.6763
4.55878
-23.6881
19.3412
4.55878
-19.3413
13.4543
5.69847
-23.3036
6.96446
5.69847
-25.9918
7.07938
4.55878
-26.4207
13.6763
4.55878
-23.6881
6.96446
5.69847
-25.9918
-1.26029e-05
5.69847
-26.9087
-1.27339e-05
4.55878
-27.3527
7.07938
4.55878
-26.4207
-1.26029e-05
5.69847
-26.9087
-6.96449
5.69847
-25.9918
-7.0794
4.55878
-26.4206
-1.27339e-05
4.55878
-27.3527
-6.96449
5.69847
-25.9918
-13.4543
5.69847
-23.3036
-13.6763
4.55878
-23.6881
-7.0794
4.55878
-26.4206
-13.4543
5.69847
-23.3036
-19.0273
5.69847
-19.0273
-19.3413
4.55878
-19.3413
-13.6763
4.55878
-23.6881
-19.0273
5.69847
-19.0273
-23.3036
5.69847
-13.4543
-23.6881
4.55878
-13.6763
-19.3413
4.55878
-19.3413
-23.3036
5.69847
-13.4543
-25.9918
5.69847
-6.96446
-26.4207
4.55878
-7.07938
-23.6881
4.55878
-13.6763
-25.9918
5.69847
-6.96446
-26.9087
5.69847
1.07316e-05
-27.3527
4.55878
1.08508e-05
-26.4207
4.55878
-7.07938
-26.9087
5.69847
1.07316e-05
-25.9918
5.69847
6.96449
-26.4207
4.55878
7.0794
-27.3527
4.55878
1.08508e-05
-25.9918
5.69847
6.96449
-23.3036
5.69847
13.4543
-23.6881
4.55878
13.6763
-26.4207
4.55878
7.0794
-23.3036
5.69847
13.4543
-19.0273
5.69847
19.0273
-19.3413
4.55878
19.3413
-23.6881
4.55878
13.6763
-19.0273
5.69847
19.0273
-13.4543
5.69847
23.3036
-13.6763
4.55878
23.6881
-19.3413
4.55878
19.3413
-13.4543
5.69847
23.3036
-6.96447
5.69847
25.9918
-7.07939
4.55878
26.4207
-13.6763
4.55878
23.6881
-6.96447
5.69847
25.9918
1.96433e-06
5.69847
26.9087
2.07371e-06
4.55878
27.3527
-7.07939
4.55878
26.4207
1.96433e-06
5.69847
26.9087
6.96448
5.69847
25.9918
7.07939
4.55878
26.4207
2.07371e-06
4.55878
27.3527
6.96448
5.69847
25.9918
13.4543
5.69847
23.3036
13.6763
4.55878
23.6881
7.07939
4.55878
26.4207
13.4543
5.69847
23.3036
19.0273
5.69847
19.0273
19.3413
4.55878
19.3413
13.6763
4.55878
23.6881
19.0273
5.69847
19.0273
23.3036
5.69847
13.4543
23.6881
4.55878
13.6763
19.3413
4.55878
19.3413
23.3036
5.69847
13.4543
25.9918
5.69847
6.96448
26.4207
4.55878
7.07939
23.6881
4.55878
13.6763
27.4201
6.85887
3.93392e-07
26.4858
6.85887
7.09685
26.7492
8.09431
7.16742
27.6928
8.09431
3.91755e-07
26.4858
6.85887
-7.09686
27.4201
6.85887
3.93392e-07
27.6928
8.09431
3.91755e-07
26.7491
8.09431
-7.16743
23.7465
6.85887
-13.7101
26.4858
6.85887
-7.09686
26.7491
8.09431
-7.16743
23.9826
8.09432
-13.8464
19.3889
6.85887
-19.3889
23.7465
6.85887
-13.7101
23.9826
8.09432
-13.8464
19.5817
8.09432
-19.5818
13.71
6.85887
-23.7465
19.3889
6.85887
-19.3889
19.5817
8.09432
-19.5818
13.8464
8.09432
-23.9826
7.09683
6.85887
-26.4858
13.71
6.85887
-23.7465
13.8464
8.09432
-23.9826
7.1674
8.09432
-26.7492
-1.27286e-05
6.85887
-27.4201
7.09683
6.85887
-26.4858
7.1674
8.09432
-26.7492
-1.28224e-05
8.09432
-27.6928
-7.09685
6.85887
-26.4858
-1.27286e-05
6.85887
-27.4201
-1.28224e-05
8.09432
-27.6928
-7.16742
8.09432
-26.7492
-13.7101
6.85887
-23.7465
-7.09685
6.85887
-26.4858
-7.16742
8.09432
-26.7492
-13.8464
8.09432
-23.9826
-19.3889
6.85887
-19.3889
-13.7101
6.85887
-23.7465
-13.8464
8.09432
-23.9826
-19.5818
8.09432
-19.5817
-23.7465
6.85887
-13.71
-19.3889
6.85887
-19.3889
-19.5818
8.09432
-19.5817
-23.9826
8.09432
-13.8464
-26.4858
6.85887
-7.09683
-23.7465
6.85887
-13.71
-23.9826
8.09432
-13.8464
-26.7492
8.09431
-7.1674
-27.4201
6.85887
1.10712e-05
-26.4858
6.85887
-7.09683
-26.7492
8.09431
-7.1674
-27.6928
8.09431
1.11757e-05
-26.4858
6.85887
7.09685
-27.4201
6.85887
1.10712e-05
-27.6928
8.09431
1.11757e-05
-26.7492
8.09431
7.16743
-23.7465
6.85887
13.7101
-26.4858
6.85887
7.09685
-26.7492
8.09431
7.16743
-23.9826
8.09431
13.8464
-19.3889
6.85887
19.3889
-23.7465
6.85887
13.7101
-23.9826
8.09431
13.8464
-19.5817
8.09431
19.5817
-13.71
6.85887
23.7465
-19.3889
6.85887
19.3889
-19.5817
8.09431
19.5817
-13.8464
8.09431
23.9826
-7.09684
6.85887
26.4858
-13.71
6.85887
23.7465
-13.8464
8.09431
23.9826
-7.16741
8.09431
26.7492
2.08947e-06
6.85887
27.4201
-7.09684
6.85887
26.4858
-7.16741
8.09431
26.7492
2.14307e-06
8.09431
27.6928
7.09684
6.85887
26.4858
2.08947e-06
6.85887
27.4201
2.14307e-06
8.09431
27.6928
7.16742
8.09431
26.7492
13.71
6.85887
23.7465
7.09684
6.85887
26.4858
7.16742
8.09431
26.7492
13.8464
8.09431
23.9826
19.3889
6.85887
19.3889
13.71
6.85887
23.7465
13.8464
8.09431
23.9826
19.5817
8.09431
19.5817
23.7465
6.85887
13.71
19.3889
6.85887
19.3889
19.5817
8.09431
19.5817
23.9826
8.09431
13.8464
26.4858
6.85887
7.09685
23.7465
6.85887
13.71
23.9826
8.09431
13.8464
26.7492
8.09431
7.16742
-1.19562e-06
-1.19562e-06
27.3527
7.07939
-1.15488e-06
26.4207
6.8818
-2.84924
25.6832
-1.16225e-06
-2.84924
26.5892
6.34196
-4.93502
23.6685
-1.07108e-06
-4.93502
24.5034
5.60452
-5.69847
20.9164
-9.46535e-07
-5.69847
21.6542
4.86708
-4.93502
18.1642
-8.21991e-07
-4.93502
18.805
4.32724
-2.84924
16.1495
-7.30818e-07
-2.84924
16.7192
4.12965
-1.53413e-06
15.412
-6.97447e-07
-1.55789e-06
15.9557
13.6763
-1.03544e-06
23.6881
13.2946
-2.84924
23.0269
12.2517
-4.93502
21.2206
10.8271
-5.69847
18.7531
9.40248
-4.93502
16.2856
8.35959
-2.84924
14.4792
7.97786
-1.46445e-06
13.8181
19.3413
-8.45433e-07
19.3413
18.8014
-2.84924
18.8014
17.3265
-4.93502
17.3265
15.3118
-5.69847
15.3118
13.2971
-4.93502
13.2971
11.8222
-2.84924
11.8222
11.2824
-1.35362e-06
11.2824
23.6881
-5.97812e-07
13.6763
23.0269
-2.84924
13.2946
21.2206
-4.93502
12.2517
18.7531
-5.69847
10.8271
16.2856
-4.93502
9.40248
14.4792
-2.84924
8.35959
13.8181
-1.20917e-06
7.97786
26.4207
-3.0945e-07
7.07939
25.6832
-2.84924
6.8818
23.6685
-4.93502
6.34196
20.9164
-5.69847
5.60452
18.1642
-4.93502
4.86708
16.1495
-2.84924
4.32724
15.412
-1.04096e-06
4.12965
27.3527
0
0
26.5892
-2.84924
-1.24544e-07
24.5034
-4.93502
-2.15717e-07
21.6542
-5.69847
-2.49088e-07
18.805
-4.93502
-2.15717e-07
16.7192
-2.84924
-1.24544e-07
15.9557
-8.60446e-07
-3.76113e-14
26.4207
3.0945e-07
-7.07939
25.6832
-2.84924
-6.8818
23.6685
-4.93502
-6.34196
20.9164
-5.69847
-5.60452
18.1642
-4.93502
-4.86708
16.1495
-2.84924
-4.32724
15.412
-6.79933e-07
-4.12965
23.6881
5.97812e-07
-13.6763
23.0269
-2.84924
-13.2946
21.2206
-4.93502
-12.2517
18.7531
-5.69847
-10.8271
16.2856
-4.93502
-9.40248
14.4792
-2.84924
-8.35959
13.8181
-5.11722e-07
-7.97786
19.3413
8.45433e-07
-19.3413
18.8014
-2.84924
-18.8014
17.3265
-4.93502
-17.3265
15.3118
-5.69847
-15.3118
13.2971
-4.93502
-13.2971
11.8222
-2.84924
-11.8222
11.2824
-3.67276e-07
-11.2824
13.6763
1.03544e-06
-23.6881
13.2946
-2.84924
-23.0269
12.2517
-4.93502
-21.2206
10.8271
-5.69847
-18.7531
9.40248
-4.93502
-16.2856
8.35959
-2.84924
-14.4792
7.97786
-2.56439e-07
-13.8181
7.07939
1.15488e-06
-26.4207
6.8818
-2.84924
-25.6832
6.34196
-4.93502
-23.6685
5.60452
-5.69847
-20.9164
4.86708
-4.93502
-18.1642
4.32724
-2.84924
-16.1495
4.12965
-1.86764e-07
-15.412
2.06507e-06
1.19562e-06
-27.3527
2.00743e-06
-2.84924
-26.5892
1.84996e-06
-4.93502
-24.5034
1.63485e-06
-5.69847
-21.6542
1.41974e-06
-4.93502
-18.805
1.26226e-06
-2.84924
-16.7192
1.20462e-06
-1.62999e-07
-15.9557
-7.07939
1.15488e-06
-26.4207
-6.88179
-2.84924
-25.6832
-6.34195
-4.93502
-23.6685
-5.60452
-5.69847
-20.9164
-4.86708
-4.93502
-18.1642
-4.32724
-2.84924
-16.1495
-4.12964
-1.86764e-07
-15.4121
-13.6763
1.03544e-06
-23.6881
-13.2946
-2.84924
-23.0269
-12.2517
-4.93502
-21.2206
-10.8271
-5.69847
-18.7531
-9.40248
-4.93502
-16.2856
-8.35959
-2.84924
-14.4792
-7.97786
-2.56439e-07
-13.8181
-19.3413
8.45434e-07
-19.3413
-18.8014
-2.84924
-18.8014
-17.3265
-4.93502
-17.3266
-15.3118
-5.69847
-15.3118
-13.2971
-4.93502
-13.2971
-11.8222
-2.84924
-11.8222
-11.2824
-3.67276e-07
-11.2824
-23.6881
5.97812e-07
-13.6763
-23.0269
-2.84924
-13.2946
-21.2206
-4.93502
-12.2517
-18.7531
-5.69847
-10.8271
-16.2856
-4.93502
-9.40249
-14.4792
-2.84924
-8.35959
-13.8181
-5.11722e-07
-7.97787
-26.4207
3.09451e-07
-7.0794
-25.6832
-2.84924
-6.88181
-23.6685
-4.93502
-6.34196
-20.9163
-5.69847
-5.60453
-18.1642
-4.93502
-4.86709
-16.1495
-2.84924
-4.32725
-15.412
-6.79933e-07
-4.12965
-27.3527
4.65593e-13
-1.06515e-05
-26.5892
-2.84924
-1.04788e-05
-24.5034
-4.93502
-9.75771e-06
-21.6542
-5.69847
-8.68155e-06
-18.805
-4.93502
-7.53864e-06
-16.7192
-2.84924
-6.63523e-06
-15.9557
-8.60445e-07
-6.21339e-06
-26.4207
-3.0945e-07
7.07938
-25.6832
-2.84924
6.88179
-23.6685
-4.93502
6.34195
-20.9164
-5.69847
5.60451
-18.1642
-4.93502
4.86707
-16.1495
-2.84924
4.32723
-15.4121
-1.04096e-06
4.12964
-23.6881
-5.97811e-07
13.6763
-23.027
-2.84924
13.2946
-21.2206
-4.93502
12.2517
-18.7531
-5.69847
10.8271
-16.2856
-4.93502
9.40247
-14.4792
-2.84924
8.35958
-13.8181
-1.20917e-06
7.97786
-19.3413
-8.45433e-07
19.3413
-18.8014
-2.84924
18.8014
-17.3266
-4.93502
17.3265
-15.3118
-5.69847
15.3118
-13.2971
-4.93502
13.2971
-11.8223
-2.84924
11.8222
-11.2824
-1.35361e-06
11.2824
-13.6763
-1.03544e-06
23.6881
-13.2946
-2.84924
23.0269
-12.2517
-4.93502
21.2206
-10.8271
-5.69847
18.7531
-9.40249
-4.93502
16.2856
-8.35959
-2.84924
14.4792
-7.97787
-1.46445e-06
13.8181
-7.0794
-1.15488e-06
26.4207
-6.88181
-2.84924
25.6832
-6.34197
-4.93502
23.6685
-5.60453
-5.69847
20.9163
-4.86709
-4.93502
18.1642
-4.32725
-2.84924
16.1495
-4.12965
-1.53413e-06
15.412
27.3527
-9.32976
-4.07817e-07
26.8968
-11.0213
-4.81755e-07
25.9803
-11.0213
6.9614
26.4207
-9.32976
7.07939
23.2933
-11.0213
13.4484
23.6881
-9.32976
13.6763
19.0189
-11.0213
19.0189
19.3413
-9.32976
19.3413
13.4484
-11.0213
23.2933
13.6763
-9.32976
23.6881
6.9614
-11.0213
25.9803
7.07939
-9.32976
26.4207
2.03065e-06
-11.0213
26.8968
2.06507e-06
-9.32976
27.3527
-6.9614
-11.0213
25.9803
-7.07939
-9.32976
26.4207
-13.4484
-11.0213
23.2933
-13.6763
-9.32976
23.6881
-19.0189
-11.0213
19.0189
-19.3413
-9.32976
19.3413
-23.2933
-11.0213
13.4484
-23.6881
-9.32976
13.6763
-25.9803
-11.0213
6.96141
-26.4207
-9.32976
7.0794
-26.8968
-11.0213
9.99224e-06
-27.3527
-9.32976
1.02437e-05
-25.9803
-11.0213
-6.96139
-26.4207
-9.32976
-7.07938
-23.2933
-11.0213
-13.4484
-23.6881
-9.32976
-13.6763
-19.0189
-11.0213
-19.0189
-19.3413
-9.32976
-19.3413
-13.4484
-11.0213
-23.2933
-13.6763
-9.32976
-23.6881
-6.96141
-11.0213
-25.9803
-7.0794
-9.32976
-26.4207
-1.25047e-05
-11.0213
-26.8968
-1.27166e-05
-9.32976
-27.3527
6.96139
-11.0213
-25.9803
7.07938
-9.32976
-26.4207
13.4484
-11.0213
-23.2933
13.6763
-9.32976
-23.6881
19.0189
-11.0213
-19.0189
19.3413
-9.32976
-19.3413
23.2933
-11.0213
-13.4484
23.6881
-9.32976
-13.6764
25.9803
-11.0213
-6.96142
26.4206
-9.32976
-7.07941
25.7789
-12.3087
-5.67513e-07
24.9005
-12.3087
6.67206
22.3251
-12.3087
12.8894
18.2284
-12.3087
18.2284
12.8894
-12.3087
22.3252
6.67206
-12.3087
24.9005
1.8612e-06
-12.3087
25.7789
-6.67206
-12.3087
24.9005
-12.8894
-12.3087
22.3252
-18.2284
-12.3087
18.2284
-22.3251
-12.3087
12.8894
-24.9005
-12.3087
6.67207
-25.7789
-12.3087
9.47115e-06
-24.9005
-12.3087
-6.67205
-22.3252
-12.3087
-12.8894
-18.2284
-12.3087
-18.2284
-12.8894
-12.3087
-22.3251
-6.67207
-12.3087
-24.9005
-1.207e-05
-12.3087
-25.7789
6.67205
-12.3087
-24.9005
12.8894
-12.3087
-22.3252
18.2284
-12.3087
-18.2284
22.3251
-12.3087
-12.8894
24.9005
-12.3087
-6.67208
25.0949
-12.7646
-5.65326e-07
24.2398
-12.7646
6.49504
21.7328
-12.7646
12.5475
17.7448
-12.7646
17.7448
12.5475
-12.7646
21.7328
6.49504
-12.7646
24.2398
1.76275e-06
-12.7646
25.0949
-6.49504
-12.7646
24.2398
-12.5474
-12.7646
21.7328
-17.7448
-12.7646
17.7448
-21.7328
-12.7646
12.5475
-24.2398
-12.7646
6.49505
-25.0949
-12.7646
9.20699e-06
-24.2398
-12.7646
-6.49503
-21.7328
-12.7646
-12.5474
-17.7448
-12.7646
-17.7448
-12.5475
-12.7646
-21.7328
-6.49505
-12.7646
-24.2398
-1.17988e-05
-12.7646
-25.0949
6.49503
-12.7646
-24.2398
12.5474
-12.7646
-21.7328
17.7448
-12.7646
-17.7448
21.7328
-12.7646
-12.5475
24.2398
-12.7646
-6.49506
23.9826
-13.2205
-5.09296e-07
23.1654
-13.2205
6.20715
20.7695
-13.2205
11.9913
16.9583
-13.2205
16.9583
11.9913
-13.2205
20.7695
6.20715
-13.2205
23.1654
1.53354e-06
-13.2205
23.9826
-6.20715
-13.2205
23.1654
-11.9913
-13.2205
20.7695
-16.9582
-13.2205
16.9583
-20.7695
-13.2205
11.9913
-23.1654
-13.2205
6.20716
-23.9826
-13.2205
8.82987e-06
-23.1654
-13.2205
-6.20714
-20.7695
-13.2205
-11.9913
-16.9583
-13.2205
-16.9582
-11.9913
-13.2205
-20.7695
-6.20716
-13.2205
-23.1654
-1.14269e-05
-13.2205
-23.9826
6.20714
-13.2205
-23.1654
11.9913
-13.2205
-20.7695
16.9582
-13.2205
-16.9583
20.7695
-13.2205
-11.9913
23.1654
-13.2205
-6.20717
19.8257
-13.6763
-3.9877e-07
19.1502
-13.6763
5.13127
17.1696
-13.6763
9.91286
14.0189
-13.6763
14.0189
9.91286
-13.6763
17.1696
5.13127
-13.6763
19.1502
6.53244e-07
-13.6763
19.8257
-5.13127
-13.6763
19.1502
-9.91286
-13.6763
17.1696
-14.0189
-13.6763
14.0189
-17.1696
-13.6763
9.91286
-19.1502
-13.6763
5.13128
-19.8257
-13.6763
7.32165e-06
-19.1502
-13.6763
-5.13127
-17.1696
-13.6763
-9.91285
-14.0189
-13.6763
-14.0189
-9.91287
-13.6763
-17.1696
-5.13128
-13.6763
-19.1502
-1.00608e-05
-13.6763
-19.8257
5.13126
-13.6763
-19.1502
9.91285
-13.6763
-17.1696
14.0189
-13.6763
-14.0189
17.1696
-13.6763
-9.91287
19.1502
-13.6763
-5.13129
27.3527
-4.55878
-2.16548e-07
26.4207
-4.55878
7.07939
23.6881
-4.55878
13.6763
19.3413
-4.55878
19.3413
13.6763
-4.55878
23.6881
7.07939
-4.55878
26.4207
2.07371e-06
-4.55878
27.3527
-7.07939
-4.55878
26.4207
-13.6763
-4.55878
23.6881
-19.3413
-4.55878
19.3413
-23.6881
-4.55878
13.6763
-26.4207
-4.55878
7.0794
-27.3527
-4.55878
1.04523e-05
-26.4207
-4.55878
-7.07938
-23.6881
-4.55878
-13.6763
-19.3413
-4.55878
-19.3413
-13.6763
-4.55878
-23.6881
-7.0794
-4.55878
-26.4207
-1.27339e-05
-4.55878
-27.3527
7.07938
-4.55878
-26.4207
13.6763
-4.55878
-23.6881
19.3413
-4.55878
-19.3413
23.6881
-4.55878
-13.6764
26.4206
-4.55878
-7.07941
19.1502
-13.6763
-5.13129
17.1696
-13.6763
-9.91287
14.0189
-13.6763
-14.0189
9.91285
-13.6763
-17.1696
5.13126
-13.6763
-19.1502
-1.00608e-05
-13.6763
-19.8257
-5.13128
-13.6763
-19.1502
-9.91287
-13.6763
-17.1696
-14.0189
-13.6763
-14.0189
-17.1696
-13.6763
-9.91285
-19.1502
-13.6763
-5.13127
-19.8257
-13.6763
7.32165e-06
-19.1502
-13.6763
5.13128
-17.1696
-13.6763
9.91286
-14.0189
-13.6763
14.0189
-9.91286
-13.6763
17.1696
-5.13127
-13.6763
19.1502
6.53244e-07
-13.6763
19.8257
5.13127
-13.6763
19.1502
9.91286
-13.6763
17.1696
14.0189
-13.6763
14.0189
17.1696
-13.6763
9.91286
19.1502
-13.6763
5.13127
19.8257
-13.6763
-3.9877e-07
27.3527
-9.32976
-4.07817e-07
26.4207
-9.32976
7.07939
26.7492
-8.09432
7.16742
27.6928
-8.09432
-3.15872e-07
26.4206
-9.32976
-7.07941
27.3527
-9.32976
-4.07817e-07
27.6928
-8.09432
-3.15872e-07
26.7492
-8.09432
-7.16744
23.6881
-9.32976
-13.6764
26.4206
-9.32976
-7.07941
26.7492
-8.09432
-7.16744
23.9826
-8.09431
-13.8464
19.3413
-9.32976
-19.3413
23.6881
-9.32976
-13.6764
23.9826
-8.09431
-13.8464
19.5817
-8.09431
-19.5818
13.6763
-9.32976
-23.6881
19.3413
-9.32976
-19.3413
19.5817
-8.09431
-19.5818
13.8464
-8.09431
-23.9827
7.07938
-9.32976
-26.4207
13.6763
-9.32976
-23.6881
13.8464
-8.09431
-23.9827
7.1674
-8.09431
-26.7492
-1.27166e-05
-9.32976
-27.3527
7.07938
-9.32976
-26.4207
7.1674
-8.09431
-26.7492
-1.28224e-05
-8.09431
-27.6928
-7.0794
-9.32976
-26.4207
-1.27166e-05
-9.32976
-27.3527
-1.28224e-05
-8.09431
-27.6928
-7.16743
-8.09431
-26.7492
-13.6763
-9.32976
-23.6881
-7.0794
-9.32976
-26.4207
-7.16743
-8.09431
-26.7492
-13.8464
-8.09431
-23.9826
-19.3413
-9.32976
-19.3413
-13.6763
-9.32976
-23.6881
-13.8464
-8.09431
-23.9826
-19.5818
-8.09431
-19.5817
-23.6881
-9.32976
-13.6763
-19.3413
-9.32976
-19.3413
-19.5818
-8.09431
-19.5817
-23.9826
-8.09431
-13.8464
-26.4207
-9.32976
-7.07938
-23.6881
-9.32976
-13.6763
-23.9826
-8.09431
-13.8464
-26.7492
-8.09432
-7.16741
-27.3527
-9.32976
1.02437e-05
-26.4207
-9.32976
-7.07938
-26.7492
-8.09432
-7.16741
-27.6928
-8.09432
1.04681e-05
-26.4207
-9.32976
7.0794
-27.3527
-9.32976
1.02437e-05
-27.6928
-8.09432
1.04681e-05
-26.7492
-8.09432
7.16743
-23.6881
-9.32976
13.6763
-26.4207
-9.32976
7.0794
-26.7492
-8.09432
7.16743
-23.9826
-8.09432
13.8464
-19.3413
-9.32976
19.3413
-23.6881
-9.32976
13.6763
-23.9826
-8.09432
13.8464
-19.5817
-8.09432
19.5817
-13.6763
-9.32976
23.6881
-19.3413
-9.32976
19.3413
-19.5817
-8.09432
19.5817
-13.8464
-8.09432
23.9826
-7.07939
-9.32976
26.4207
-13.6763
-9.32976
23.6881
-13.8464
-8.09432
23.9826
-7.16741
-8.09432
26.7492
2.06507e-06
-9.32976
27.3527
-7.07939
-9.32976
26.4207
-7.16741
-8.09432
26.7492
2.14307e-06
-8.09432
27.6928
7.07939
-9.32976
26.4207
2.06507e-06
-9.32976
27.3527
2.14307e-06
-8.09432
27.6928
7.16742
-8.09432
26.7492
13.6763
-9.32976
23.6881
7.07939
-9.32976
26.4207
7.16742
-8.09432
26.7492
13.8464
-8.09432
23.9826
19.3413
-9.32976
19.3413
13.6763
-9.32976
23.6881
13.8464
-8.09432
23.9826
19.5817
-8.09432
19.5817
23.6881
-9.32976
13.6763
19.3413
-9.32976
19.3413
19.5817
-8.09432
19.5817
23.9826
-8.09432
13.8464
26.4207
-9.32976
7.07939
23.6881
-9.32976
13.6763
23.9826
-8.09432
13.8464
26.7492
-8.09432
7.16742
26.4858
-6.85887
7.09685
25.3103
-6.83817
6.78187
26.2031
-6.83817
3.44392e-09
27.4201
-6.85887
-2.06229e-07
27.4201
-6.85887
-2.06229e-07
26.2031
-6.83817
3.44392e-09
25.3103
-6.83817
-6.78189
26.4858
-6.85887
-7.09687
26.4858
-6.85887
-7.09687
25.3103
-6.83817
-6.78189
22.6926
-6.83817
-13.1016
23.7465
-6.85887
-13.7101
23.7465
-6.85887
-13.7101
22.6926
-6.83817
-13.1016
18.5284
-6.83817
-18.5284
19.3889
-6.85887
-19.389
19.3889
-6.85887
-19.389
18.5284
-6.83817
-18.5284
13.1016
-6.83817
-22.6926
13.71
-6.85887
-23.7465
13.71
-6.85887
-23.7465
13.1016
-6.83817
-22.6926
6.78186
-6.83817
-25.3103
7.09683
-6.85887
-26.4858
7.09683
-6.85887
-26.4858
6.78186
-6.83817
-25.3103
-1.2181e-05
-6.83817
-26.2031
-1.27286e-05
-6.85887
-27.4201
-1.27286e-05
-6.85887
-27.4201
-1.2181e-05
-6.83817
-26.2031
-6.78188
-6.83817
-25.3103
-7.09685
-6.85887
-26.4858
-7.09685
-6.85887
-26.4858
-6.78188
-6.83817
-25.3103
-13.1016
-6.83817
-22.6926
-13.7101
-6.85887
-23.7465
-13.7101
-6.85887
-23.7465
-13.1016
-6.83817
-22.6926
-18.5284
-6.83817
-18.5284
-19.389
-6.85887
-19.3889
-19.389
-6.85887
-19.3889
-18.5284
-6.83817
-18.5284
-22.6926
-6.83817
-13.1016
-23.7465
-6.85887
-13.71
-23.7465
-6.85887
-13.71
-22.6926
-6.83817
-13.1016
-25.3103
-6.83817
-6.78186
-26.4858
-6.85887
-7.09683
-26.4858
-6.85887
-7.09683
-25.3103
-6.83817
-6.78186
-26.2031
-6.83817
9.9898e-06
-27.4201
-6.85887
1.04716e-05
-27.4201
-6.85887
1.04716e-05
-26.2031
-6.83817
9.9898e-06
-25.3103
-6.83817
6.78188
-26.4858
-6.85887
7.09685
-26.4858
-6.85887
7.09685
-25.3103
-6.83817
6.78188
-22.6926
-6.83817
13.1016
-23.7465
-6.85887
13.7101
-23.7465
-6.85887
13.7101
-22.6926
-6.83817
13.1016
-18.5284
-6.83817
18.5284
-19.3889
-6.85887
19.3889
-19.3889
-6.85887
19.3889
-18.5284
-6.83817
18.5284
-13.1016
-6.83817
22.6926
-13.71
-6.85887
23.7465
-13.71
-6.85887
23.7465
-13.1016
-6.83817
22.6926
-6.78187
-6.83817
25.3103
-7.09684
-6.85887
26.4858
-7.09684
-6.85887
26.4858
-6.78187
-6.83817
25.3103
2.05643e-06
-6.83817
26.2031
2.08947e-06
-6.85887
27.4201
2.08947e-06
-6.85887
27.4201
2.05643e-06
-6.83817
26.2031
6.78187
-6.83817
25.3103
7.09685
-6.85887
26.4858
7.09685
-6.85887
26.4858
6.78187
-6.83817
25.3103
13.1016
-6.83817
22.6926
13.7101
-6.85887
23.7465
13.7101
-6.85887
23.7465
13.1016
-6.83817
22.6926
18.5284
-6.83817
18.5284
19.3889
-6.85887
19.3889
19.3889
-6.85887
19.3889
18.5284
-6.83817
18.5284
22.6926
-6.83817
13.1016
23.7465
-6.85887
13.7101
23.7465
-6.85887
13.7101
22.6926
-6.83817
13.1016
25.3103
-6.83817
6.78187
26.4858
-6.85887
7.09685
25.3103
-6.83817
6.78187
25.9918
-5.69847
6.96448
26.9087
-5.69847
-2.62225e-07
26.2031
-6.83817
3.44392e-09
26.2031
-6.83817
3.44392e-09
26.9087
-5.69847
-2.62225e-07
25.9918
-5.69847
-6.9645
25.3103
-6.83817
-6.78189
25.3103
-6.83817
-6.78189
25.9918
-5.69847
-6.9645
23.3036
-5.69847
-13.4544
22.6926
-6.83817
-13.1016
22.6926
-6.83817
-13.1016
23.3036
-5.69847
-13.4544
19.0273
-5.69847
-19.0273
18.5284
-6.83817
-18.5284
18.5284
-6.83817
-18.5284
19.0273
-5.69847
-19.0273
13.4543
-5.69847
-23.3036
13.1016
-6.83817
-22.6926
13.1016
-6.83817
-22.6926
13.4543
-5.69847
-23.3036
6.96446
-5.69847
-25.9918
6.78186
-6.83817
-25.3103
6.78186
-6.83817
-25.3103
6.96446
-5.69847
-25.9918
-1.26029e-05
-5.69847
-26.9087
-1.2181e-05
-6.83817
-26.2031
-1.2181e-05
-6.83817
-26.2031
-1.26029e-05
-5.69847
-26.9087
-6.96449
-5.69847
-25.9918
-6.78188
-6.83817
-25.3103
-6.78188
-6.83817
-25.3103
-6.96449
-5.69847
-25.9918
-13.4543
-5.69847
-23.3036
-13.1016
-6.83817
-22.6926
-13.1016
-6.83817
-22.6926
-13.4543
-5.69847
-23.3036
-19.0273
-5.69847
-19.0273
-18.5284
-6.83817
-18.5284
-18.5284
-6.83817
-18.5284
-19.0273
-5.69847
-19.0273
-23.3036
-5.69847
-13.4543
-22.6926
-6.83817
-13.1016
-22.6926
-6.83817
-13.1016
-23.3036
-5.69847
-13.4543
-25.9918
-5.69847
-6.96447
-25.3103
-6.83817
-6.78186
-25.3103
-6.83817
-6.78186
-25.9918
-5.69847
-6.96447
-26.9087
-5.69847
1.02334e-05
-26.2031
-6.83817
9.9898e-06
-26.2031
-6.83817
9.9898e-06
-26.9087
-5.69847
1.02334e-05
-25.9918
-5.69847
6.96449
-25.3103
-6.83817
6.78188
-25.3103
-6.83817
6.78188
-25.9918
-5.69847
6.96449
-23.3036
-5.69847
13.4543
-22.6926
-6.83817
13.1016
-22.6926
-6.83817
13.1016
-23.3036
-5.69847
13.4543
-19.0273
-5.69847
19.0273
-18.5284
-6.83817
18.5284
-18.5284
-6.83817
18.5284
-19.0273
-5.69847
19.0273
-13.4543
-5.69847
23.3036
-13.1016
-6.83817
22.6926
-13.1016
-6.83817
22.6926
-13.4543
-5.69847
23.3036
-6.96447
-5.69847
25.9918
-6.78187
-6.83817
25.3103
-6.78187
-6.83817
25.3103
-6.96447
-5.69847
25.9918
1.96433e-06
-5.69847
26.9087
2.05643e-06
-6.83817
26.2031
2.05643e-06
-6.83817
26.2031
1.96433e-06
-5.69847
26.9087
6.96448
-5.69847
25.9918
6.78187
-6.83817
25.3103
6.78187
-6.83817
25.3103
6.96448
-5.69847
25.9918
13.4543
-5.69847
23.3036
13.1016
-6.83817
22.6926
13.1016
-6.83817
22.6926
13.4543
-5.69847
23.3036
19.0273
-5.69847
19.0273
18.5284
-6.83817
18.5284
18.5284
-6.83817
18.5284
19.0273
-5.69847
19.0273
23.3036
-5.69847
13.4543
22.6926
-6.83817
13.1016
22.6926
-6.83817
13.1016
23.3036
-5.69847
13.4543
25.9918
-5.69847
6.96448
25.3103
-6.83817
6.78187
25.9918
-5.69847
6.96448
26.4207
-4.55878
7.07939
27.3527
-4.55878
-2.16548e-07
26.9087
-5.69847
-2.62225e-07
26.9087
-5.69847
-2.62225e-07
27.3527
-4.55878
-2.16548e-07
26.4206
-4.55878
-7.07941
25.9918
-5.69847
-6.9645
25.9918
-5.69847
-6.9645
26.4206
-4.55878
-7.07941
23.6881
-4.55878
-13.6764
23.3036
-5.69847
-13.4544
23.3036
-5.69847
-13.4544
23.6881
-4.55878
-13.6764
19.3413
-4.55878
-19.3413
19.0273
-5.69847
-19.0273
19.0273
-5.69847
-19.0273
19.3413
-4.55878
-19.3413
13.6763
-4.55878
-23.6881
13.4543
-5.69847
-23.3036
13.4543
-5.69847
-23.3036
13.6763
-4.55878
-23.6881
7.07938
-4.55878
-26.4207
6.96446
-5.69847
-25.9918
6.96446
-5.69847
-25.9918
7.07938
-4.55878
-26.4207
-1.27339e-05
-4.55878
-27.3527
-1.26029e-05
-5.69847
-26.9087
-1.26029e-05
-5.69847
-26.9087
-1.27339e-05
-4.55878
-27.3527
-7.0794
-4.55878
-26.4207
-6.96449
-5.69847
-25.9918
-6.96449
-5.69847
-25.9918
-7.0794
-4.55878
-26.4207
-13.6763
-4.55878
-23.6881
-13.4543
-5.69847
-23.3036
-13.4543
-5.69847
-23.3036
-13.6763
-4.55878
-23.6881
-19.3413
-4.55878
-19.3413
-19.0273
-5.69847
-19.0273
-19.0273
-5.69847
-19.0273
-19.3413
-4.55878
-19.3413
-23.6881
-4.55878
-13.6763
-23.3036
-5.69847
-13.4543
-23.3036
-5.69847
-13.4543
-23.6881
-4.55878
-13.6763
-26.4207
-4.55878
-7.07938
-25.9918
-5.69847
-6.96447
-25.9918
-5.69847
-6.96447
-26.4207
-4.55878
-7.07938
-27.3527
-4.55878
1.04523e-05
-26.9087
-5.69847
1.02334e-05
-26.9087
-5.69847
1.02334e-05
-27.3527
-4.55878
1.04523e-05
-26.4207
-4.55878
7.0794
-25.9918
-5.69847
6.96449
-25.9918
-5.69847
6.96449
-26.4207
-4.55878
7.0794
-23.6881
-4.55878
13.6763
-23.3036
-5.69847
13.4543
-23.3036
-5.69847
13.4543
-23.6881
-4.55878
13.6763
-19.3413
-4.55878
19.3413
-19.0273
-5.69847
19.0273
-19.0273
-5.69847
19.0273
-19.3413
-4.55878
19.3413
-13.6763
-4.55878
23.6881
-13.4543
-5.69847
23.3036
-13.4543
-5.69847
23.3036
-13.6763
-4.55878
23.6881
-7.07939
-4.55878
26.4207
-6.96447
-5.69847
25.9918
-6.96447
-5.69847
25.9918
-7.07939
-4.55878
26.4207
2.07371e-06
-4.55878
27.3527
1.96433e-06
-5.69847
26.9087
1.96433e-06
-5.69847
26.9087
2.07371e-06
-4.55878
27.3527
7.07939
-4.55878
26.4207
6.96448
-5.69847
25.9918
6.96448
-5.69847
25.9918
7.07939
-4.55878
26.4207
13.6763
-4.55878
23.6881
13.4543
-5.69847
23.3036
13.4543
-5.69847
23.3036
13.6763
-4.55878
23.6881
19.3413
-4.55878
19.3413
19.0273
-5.69847
19.0273
19.0273
-5.69847
19.0273
19.3413
-4.55878
19.3413
23.6881
-4.55878
13.6763
23.3036
-5.69847
13.4543
23.3036
-5.69847
13.4543
23.6881
-4.55878
13.6763
26.4207
-4.55878
7.07939
25.9918
-5.69847
6.96448
27.4201
-6.85887
-2.06229e-07
27.6928
-8.09432
-3.15872e-07
26.7492
-8.09432
7.16742
26.4858
-6.85887
7.09685
26.4858
-6.85887
-7.09687
26.7492
-8.09432
-7.16744
27.6928
-8.09432
-3.15872e-07
27.4201
-6.85887
-2.06229e-07
23.7465
-6.85887
-13.7101
23.9826
-8.09431
-13.8464
26.7492
-8.09432
-7.16744
26.4858
-6.85887
-7.09687
19.3889
-6.85887
-19.389
19.5817
-8.09431
-19.5818
23.9826
-8.09431
-13.8464
23.7465
-6.85887
-13.7101
13.71
-6.85887
-23.7465
13.8464
-8.09431
-23.9827
19.5817
-8.09431
-19.5818
19.3889
-6.85887
-19.389
7.09683
-6.85887
-26.4858
7.1674
-8.09431
-26.7492
13.8464
-8.09431
-23.9827
13.71
-6.85887
-23.7465
-1.27286e-05
-6.85887
-27.4201
-1.28224e-05
-8.09431
-27.6928
7.1674
-8.09431
-26.7492
7.09683
-6.85887
-26.4858
-7.09685
-6.85887
-26.4858
-7.16743
-8.09431
-26.7492
-1.28224e-05
-8.09431
-27.6928
-1.27286e-05
-6.85887
-27.4201
-13.7101
-6.85887
-23.7465
-13.8464
-8.09431
-23.9826
-7.16743
-8.09431
-26.7492
-7.09685
-6.85887
-26.4858
-19.389
-6.85887
-19.3889
-19.5818
-8.09431
-19.5817
-13.8464
-8.09431
-23.9826
-13.7101
-6.85887
-23.7465
-23.7465
-6.85887
-13.71
-23.9826
-8.09431
-13.8464
-19.5818
-8.09431
-19.5817
-19.389
-6.85887
-19.3889
-26.4858
-6.85887
-7.09683
-26.7492
-8.09432
-7.16741
-23.9826
-8.09431
-13.8464
-23.7465
-6.85887
-13.71
-27.4201
-6.85887
1.04716e-05
-27.6928
-8.09432
1.04681e-05
-26.7492
-8.09432
-7.16741
-26.4858
-6.85887
-7.09683
-26.4858
-6.85887
7.09685
-26.7492
-8.09432
7.16743
-27.6928
-8.09432
1.04681e-05
-27.4201
-6.85887
1.04716e-05
-23.7465
-6.85887
13.7101
-23.9826
-8.09432
13.8464
-26.7492
-8.09432
7.16743
-26.4858
-6.85887
7.09685
-19.3889
-6.85887
19.3889
-19.5817
-8.09432
19.5817
-23.9826
-8.09432
13.8464
-23.7465
-6.85887
13.7101
-13.71
-6.85887
23.7465
-13.8464
-8.09432
23.9826
-19.5817
-8.09432
19.5817
-19.3889
-6.85887
19.3889
-7.09684
-6.85887
26.4858
-7.16741
-8.09432
26.7492
-13.8464
-8.09432
23.9826
-13.71
-6.85887
23.7465
2.08947e-06
-6.85887
27.4201
2.14307e-06
-8.09432
27.6928
-7.16741
-8.09432
26.7492
-7.09684
-6.85887
26.4858
7.09685
-6.85887
26.4858
7.16742
-8.09432
26.7492
2.14307e-06
-8.09432
27.6928
2.08947e-06
-6.85887
27.4201
13.7101
-6.85887
23.7465
13.8464
-8.09432
23.9826
7.16742
-8.09432
26.7492
7.09685
-6.85887
26.4858
19.3889
-6.85887
19.3889
19.5817
-8.09432
19.5817
13.8464
-8.09432
23.9826
13.7101
-6.85887
23.7465
23.7465
-6.85887
13.7101
23.9826
-8.09432
13.8464
19.5817
-8.09432
19.5817
19.3889
-6.85887
19.3889
26.4858
-6.85887
7.09685
26.7492
-8.09432
7.16742
23.9826
-8.09432
13.8464
23.7465
-6.85887
13.7101
4872
2
1
0
0
3
2
162
0
1
5
4
1
1
2
5
1
161
162
161
1
4
155
162
161
161
154
155
154
161
163
4
163
161
7
6
4
4
5
7
163
4
6
163
156
154
156
163
164
6
164
163
154
147
148
148
155
154
147
154
156
156
149
147
149
156
157
164
157
156
157
164
165
8
165
164
164
6
8
157
150
149
150
157
158
165
158
157
149
142
140
140
147
149
142
149
150
150
143
142
143
150
151
158
151
150
151
158
159
166
159
158
158
165
166
151
144
143
144
151
152
159
152
151
143
136
135
135
142
143
136
143
144
144
137
136
137
144
145
152
145
144
145
152
153
160
153
152
152
159
160
145
138
137
138
145
146
153
146
145
137
130
129
129
136
137
130
137
138
138
131
130
131
138
139
146
139
138
130
123
122
122
129
130
123
130
131
129
122
121
121
128
129
136
129
128
122
115
114
114
121
122
115
122
123
121
114
112
112
119
121
128
121
119
119
126
128
135
128
126
128
135
136
119
112
113
113
120
119
126
119
120
112
105
106
106
113
112
105
112
114
105
98
99
99
106
105
98
105
107
114
107
105
98
91
92
92
99
98
91
98
100
107
100
98
100
107
108
115
108
107
107
114
115
100
93
91
93
100
101
108
101
100
101
108
109
116
109
108
108
115
116
123
116
115
109
116
117
124
117
116
116
123
124
109
102
101
102
109
110
117
110
109
101
94
93
94
101
102
102
95
94
95
102
103
110
103
102
103
110
111
118
111
110
110
117
118
103
96
95
96
103
104
111
104
103
95
88
87
87
94
95
88
95
96
96
89
88
89
96
97
104
97
96
88
81
80
80
87
88
81
88
89
87
80
79
79
86
87
94
87
86
80
73
72
72
79
80
73
80
81
79
72
70
70
77
79
86
79
77
77
84
86
93
86
84
86
93
94
77
70
71
71
78
77
84
77
78
70
63
64
64
71
70
63
70
72
63
56
57
57
64
63
56
63
65
72
65
63
56
49
50
50
57
56
49
56
58
65
58
56
58
65
66
73
66
65
65
72
73
58
51
49
51
58
59
66
59
58
59
66
67
74
67
66
66
73
74
81
74
73
67
74
75
82
75
74
74
81
82
67
60
59
60
67
68
75
68
67
59
52
51
52
59
60
60
53
52
53
60
61
68
61
60
61
68
69
76
69
68
68
75
76
61
54
53
54
61
62
69
62
61
53
46
45
45
52
53
46
53
54
54
47
46
47
54
55
62
55
54
46
39
38
38
45
46
39
46
47
45
38
37
37
44
45
52
45
44
38
31
30
30
37
38
31
38
39
37
30
28
28
35
37
44
37
35
35
42
44
51
44
42
44
51
52
35
28
29
29
36
35
42
35
36
28
21
22
22
29
28
21
28
30
21
14
15
15
22
21
14
21
23
30
23
21
14
2
3
3
15
14
2
14
16
23
16
14
16
23
24
31
24
23
23
30
31
16
5
2
5
16
17
24
17
16
17
24
25
32
25
24
24
31
32
39
32
31
25
32
33
40
33
32
32
39
40
25
18
17
18
25
26
33
26
25
17
7
5
7
17
18
18
9
7
9
18
19
26
19
18
19
26
27
34
27
26
26
33
34
19
11
9
11
19
20
27
20
19
9
8
6
6
7
9
8
9
11
11
10
8
10
11
13
20
13
11
165
8
10
13
12
10
10
166
165
166
10
12
12
167
166
159
166
167
167
160
159
41
34
33
33
40
41
48
41
40
47
40
39
40
47
48
55
48
47
36
43
42
49
42
43
43
50
49
42
49
51
83
76
75
75
82
83
90
83
82
89
82
81
82
89
90
97
90
89
78
85
84
91
84
85
85
92
91
84
91
93
125
118
117
117
124
125
132
125
124
131
124
123
124
131
132
139
132
131
120
127
126
133
126
127
127
134
133
126
133
135
140
133
134
142
135
133
133
140
142
134
141
140
147
140
141
141
148
147
170
169
168
168
171
170
171
168
214
173
172
169
169
170
173
172
173
175
218
173
170
219
175
173
173
218
219
175
174
172
174
175
177
220
177
175
175
219
220
243
219
218
244
220
219
219
243
244
177
220
221
245
221
220
220
244
245
177
176
174
176
177
179
221
179
177
179
221
222
246
222
221
221
245
246
269
245
244
270
246
245
245
269
270
222
246
247
271
247
246
246
270
271
222
181
179
181
222
223
247
223
222
223
247
248
272
248
247
247
271
272
295
271
270
296
272
271
271
295
296
248
272
273
297
273
272
272
296
297
248
224
223
224
248
249
273
249
248
249
273
274
298
274
273
273
297
298
249
225
224
225
249
250
274
250
249
224
185
183
183
223
224
185
224
225
225
187
185
187
225
226
250
226
225
226
250
251
275
251
250
250
274
275
226
189
187
189
226
227
251
227
226
187
186
184
184
185
187
186
187
189
189
188
186
188
189
191
227
191
189
191
227
228
252
228
227
227
251
252
191
190
188
190
191
193
228
193
191
193
228
229
253
229
228
228
252
253
276
252
251
277
253
252
252
276
277
229
253
254
278
254
253
253
277
278
301
277
276
302
278
277
277
301
302
254
278
279
303
279
278
278
302
303
254
230
229
230
254
255
279
255
254
255
279
280
304
280
279
279
303
304
255
231
230
231
255
256
280
256
255
230
197
195
195
229
230
197
230
231
231
199
197
199
231
232
256
232
231
232
256
257
281
257
256
256
280
281
232
201
199
201
232
233
257
233
232
199
198
196
196
197
199
198
199
201
201
200
198
200
201
203
233
203
201
203
233
234
258
234
233
233
257
258
203
202
200
202
203
205
234
205
203
205
234
235
259
235
234
234
258
259
282
258
257
283
259
258
258
282
283
235
259
260
284
260
259
259
283
284
307
283
282
308
284
283
283
307
308
260
284
285
309
285
284
284
308
309
260
236
235
236
260
261
285
261
260
261
285
286
310
286
285
285
309
310
261
237
236
237
261
262
286
262
261
236
209
207
207
235
236
209
236
237
237
211
209
211
237
238
262
238
237
238
262
263
287
263
262
262
286
287
238
213
211
213
238
239
263
239
238
211
210
208
208
209
211
210
211
213
213
212
210
212
213
215
239
215
213
215
239
217
241
217
239
239
263
241
215
214
212
214
215
171
217
171
215
171
217
216
240
216
217
217
241
240
264
240
241
241
265
264
265
241
263
216
240
242
266
242
240
240
264
266
288
264
265
290
266
264
264
288
290
263
287
265
265
289
288
289
265
287
311
287
286
287
311
289
286
310
311
266
290
291
291
267
266
267
291
292
267
243
242
242
266
267
243
267
268
292
268
267
268
292
293
268
244
243
244
268
269
293
269
268
218
242
243
242
218
216
170
216
218
216
170
171
294
270
269
269
293
294
270
294
295
209
208
206
206
207
209
207
206
204
204
205
207
235
207
205
205
204
202
282
306
307
257
281
282
306
282
281
281
305
306
305
281
280
280
304
305
197
196
194
194
195
197
195
194
192
192
193
195
229
195
193
193
192
190
276
300
301
251
275
276
300
276
275
275
299
300
299
275
274
274
298
299
185
184
182
182
183
185
183
182
180
180
181
183
223
183
181
181
180
178
178
179
181
179
178
176
314
313
312
334
314
312
334
312
335
316
315
314
318
316
314
334
318
314
318
317
316
320
319
318
322
320
318
326
322
318
334
326
318
322
321
320
324
323
322
326
324
322
326
325
324
328
327
326
330
328
326
334
330
326
330
329
328
332
331
330
334
332
330
334
333
332
338
337
336
358
338
336
358
336
359
340
339
338
342
340
338
358
342
338
342
341
340
344
343
342
346
344
342
350
346
342
358
350
342
346
345
344
348
347
346
350
348
346
350
349
348
352
351
350
354
352
350
358
354
350
354
353
352
356
355
354
358
356
354
358
357
356
362
361
360
360
363
362
366
365
364
364
367
366
370
369
368
368
371
370
374
373
372
372
375
374
378
377
376
376
379
378
382
381
380
380
383
382
386
385
384
384
387
386
390
389
388
388
391
390
394
393
392
392
395
394
398
397
396
396
399
398
402
401
400
400
403
402
406
405
404
404
407
406
410
409
408
408
411
410
414
413
412
412
415
414
418
417
416
416
419
418
422
421
420
420
423
422
426
425
424
424
427
426
430
429
428
428
431
430
434
433
432
432
435
434
438
437
436
436
439
438
442
441
440
440
443
442
446
445
444
444
447
446
450
449
448
448
451
450
454
453
452
452
455
454
458
457
456
456
459
458
462
461
460
460
463
462
466
465
464
464
467
466
470
469
468
468
471
470
474
473
472
472
475
474
478
477
476
476
479
478
482
481
480
480
483
482
486
485
484
484
487
486
490
489
488
488
491
490
494
493
492
492
495
494
498
497
496
496
499
498
502
501
500
500
503
502
506
505
504
504
507
506
510
509
508
508
511
510
514
513
512
512
515
514
518
517
516
516
519
518
522
521
520
520
523
522
526
525
524
524
527
526
530
529
528
528
531
530
534
533
532
532
535
534
538
537
536
536
539
538
542
541
540
540
543
542
546
545
544
544
547
546
550
549
548
548
551
550
554
553
552
552
555
554
558
557
556
556
559
558
562
561
560
560
563
562
566
565
564
564
567
566
570
569
568
568
571
570
574
573
572
572
575
574
578
577
576
576
579
578
582
581
580
580
583
582
586
585
584
584
587
586
590
589
588
588
591
590
594
593
592
592
595
594
598
597
596
596
599
598
602
601
600
600
603
602
606
605
604
604
607
606
610
609
608
608
611
610
614
613
612
612
615
614
618
617
616
616
619
618
622
621
620
620
623
622
626
625
624
624
627
626
630
629
628
628
631
630
634
633
632
632
635
634
638
637
636
636
639
638
642
641
640
640
643
642
646
645
644
644
647
646
650
649
648
648
651
650
654
653
652
652
655
654
658
657
656
656
659
658
662
661
660
660
663
662
666
665
664
664
667
666
670
669
668
668
671
670
674
673
672
672
675
674
678
677
676
676
679
678
682
681
680
680
683
682
686
685
684
684
687
686
690
689
688
688
691
690
694
693
692
692
695
694
698
697
696
696
699
698
702
701
700
700
703
702
706
705
704
704
707
706
710
709
708
708
711
710
714
713
712
712
715
714
718
717
716
716
719
718
722
721
720
720
723
722
726
725
724
724
727
726
730
729
728
728
731
730
734
733
732
732
735
734
738
737
736
736
739
738
742
741
740
740
743
742
746
745
744
744
747
746
750
749
748
748
751
750
754
753
752
752
755
754
758
757
756
756
759
758
762
761
760
760
763
762
766
765
764
764
767
766
770
769
768
768
771
770
774
773
772
772
775
774
778
777
776
776
779
778
782
781
780
780
783
782
786
785
784
784
787
786
790
789
788
788
791
790
794
793
792
792
795
794
798
797
796
796
799
798
802
801
800
800
803
802
806
805
804
804
807
806
810
809
808
808
811
810
814
813
812
812
815
814
818
817
816
816
819
818
822
821
820
820
823
822
826
825
824
824
827
826
830
829
828
828
831
830
834
833
832
832
835
834
838
837
836
836
839
838
842
841
840
840
843
842
843
840
1001
855
854
841
841
842
855
856
855
842
854
855
862
863
862
855
855
856
863
862
861
854
861
862
869
870
869
862
862
863
870
864
863
856
871
870
863
863
864
871
869
870
877
878
877
870
870
871
878
869
868
861
868
869
876
877
876
869
876
877
884
885
884
877
877
878
885
879
878
871
886
885
878
878
879
886
884
885
892
893
892
885
885
886
893
884
883
876
883
884
891
892
891
884
891
892
899
900
899
892
892
893
900
894
893
886
901
900
893
893
894
901
899
900
907
908
907
900
900
901
908
899
898
891
898
899
906
907
906
899
906
907
914
915
914
907
907
908
915
909
908
901
916
915
908
908
909
916
914
915
922
923
922
915
915
916
923
914
913
906
913
914
921
922
921
914
921
922
929
930
929
922
922
923
930
921
920
913
920
921
928
929
928
921
913
912
905
905
906
913
912
913
920
920
919
912
919
920
927
928
927
920
927
928
935
936
935
928
928
929
936
927
926
919
926
927
934
935
934
927
919
918
911
911
912
919
918
919
926
926
925
918
925
926
933
934
933
926
933
934
941
942
941
934
934
935
942
933
932
925
932
933
940
941
940
933
925
924
917
917
918
925
924
925
932
932
931
924
931
932
939
940
939
932
939
940
947
948
947
940
940
941
948
939
938
931
938
939
946
947
946
939
946
947
954
955
954
947
947
948
955
949
948
941
956
955
948
948
949
956
954
955
962
963
962
955
955
956
963
957
956
949
964
963
956
956
957
964
962
963
970
971
970
963
963
964
971
962
961
954
961
962
969
970
969
962
969
970
977
978
977
970
970
971
978
972
971
964
979
978
971
971
972
979
977
978
985
986
985
978
978
979
986
977
976
969
976
977
984
985
984
977
984
985
992
993
992
985
985
986
993
984
983
976
983
984
991
992
991
984
976
975
968
968
969
976
975
976
983
983
982
975
982
983
990
991
990
983
990
991
998
999
998
991
991
992
999
990
989
982
989
990
997
998
997
990
982
981
974
974
975
982
981
982
989
989
988
981
988
989
996
997
996
989
996
997
1004
1005
1004
997
997
998
1005
996
995
988
995
996
1003
1004
1003
996
988
987
980
980
981
988
987
988
995
995
994
987
994
995
1002
1003
1002
995
1002
1003
845
847
845
1003
1003
1004
847
1002
1001
994
1001
1002
843
845
843
1002
843
845
844
846
844
845
845
847
846
848
846
847
847
849
848
849
847
1004
844
846
857
858
857
846
846
848
858
850
848
849
859
858
848
848
850
859
849
851
850
1004
1005
849
851
849
1005
852
850
851
860
859
850
850
852
860
858
859
866
867
866
859
859
860
867
866
865
858
865
866
873
874
873
866
866
867
874
865
864
857
857
858
865
864
865
872
873
872
865
872
873
880
881
880
873
873
874
881
872
871
864
871
872
879
880
879
872
856
857
864
857
856
844
842
844
856
844
842
843
887
886
879
879
880
887
888
887
880
886
887
894
895
894
887
887
888
895
880
881
888
894
895
902
902
901
894
901
902
909
851
853
852
1005
1006
851
853
851
1006
1006
1007
853
1006
1005
998
998
999
1006
1007
1006
999
999
1000
1007
1000
999
992
992
993
1000
981
980
973
973
974
981
974
973
966
966
967
974
975
974
967
967
966
959
959
960
967
968
967
960
967
968
975
960
959
952
952
953
960
961
960
953
960
961
968
969
968
961
953
954
961
953
952
945
945
946
953
954
953
946
946
945
938
964
965
972
965
964
957
957
958
965
949
950
957
958
957
950
950
951
958
950
949
942
942
943
950
951
950
943
941
942
949
943
942
935
935
936
943
944
943
936
943
944
951
937
936
929
936
937
944
929
930
937
918
917
910
910
911
918
911
910
903
903
904
911
912
911
904
904
903
896
896
897
904
905
904
897
904
905
912
897
896
889
889
890
897
898
897
890
897
898
905
906
905
898
890
891
898
890
889
882
882
883
890
891
890
883
883
882
875
875
876
883
876
875
868
1010
1009
1008
1008
1011
1010
1055
1008
1009
1009
1054
1055
1057
1056
1009
1009
1010
1057
1054
1009
1056
1053
1055
1054
1054
1052
1053
1052
1054
1079
1056
1079
1054
1081
1080
1056
1056
1057
1081
1079
1056
1080
1079
1078
1052
1078
1079
1103
1080
1103
1079
1052
1050
1051
1051
1053
1052
1050
1052
1078
1078
1077
1050
1077
1078
1102
1103
1102
1078
1102
1103
1127
1104
1127
1103
1103
1080
1104
1102
1101
1077
1101
1102
1126
1127
1126
1102
1077
1076
1048
1048
1050
1077
1076
1077
1101
1101
1100
1076
1100
1101
1125
1126
1125
1101
1125
1126
1150
1151
1150
1126
1126
1127
1151
1125
1124
1100
1124
1125
1149
1150
1149
1125
1100
1099
1075
1075
1076
1100
1099
1100
1124
1124
1123
1099
1123
1124
1148
1149
1148
1124
1099
1098
1074
1074
1075
1099
1098
1099
1123
1075
1074
1044
1044
1046
1075
1076
1075
1046
1074
1073
1042
1042
1044
1074
1073
1074
1098
1044
1042
1043
1043
1045
1044
1046
1044
1045
1045
1047
1046
1048
1046
1047
1046
1048
1076
1047
1049
1048
1050
1048
1049
1049
1051
1050
1041
1043
1042
1039
1041
1040
1042
1040
1041
1037
1039
1038
1040
1038
1039
1038
1040
1072
1073
1072
1040
1040
1042
1073
1038
1036
1037
1036
1038
1071
1072
1071
1038
1035
1037
1036
1036
1034
1035
1034
1036
1070
1071
1070
1036
1070
1071
1095
1096
1095
1071
1071
1072
1096
1070
1069
1034
1069
1070
1094
1095
1094
1070
1034
1032
1033
1033
1035
1034
1032
1034
1069
1069
1068
1032
1068
1069
1093
1094
1093
1069
1093
1094
1118
1119
1118
1094
1094
1095
1119
1093
1092
1068
1092
1093
1117
1118
1117
1093
1068
1067
1030
1030
1032
1068
1067
1068
1092
1092
1091
1067
1091
1092
1116
1117
1116
1092
1116
1117
1141
1142
1141
1117
1117
1118
1142
1116
1115
1091
1115
1116
1140
1141
1140
1116
1091
1090
1066
1066
1067
1091
1090
1091
1115
1115
1114
1090
1114
1115
1139
1140
1139
1115
1090
1089
1065
1065
1066
1090
1089
1090
1114
1066
1065
1026
1026
1028
1066
1067
1066
1028
1065
1064
1024
1024
1026
1065
1064
1065
1089
1026
1024
1025
1025
1027
1026
1028
1026
1027
1027
1029
1028
1030
1028
1029
1028
1030
1067
1029
1031
1030
1032
1030
1031
1031
1033
1032
1023
1025
1024
1021
1023
1022
1024
1022
1023
1019
1021
1020
1022
1020
1021
1020
1022
1063
1064
1063
1022
1022
1024
1064
1020
1018
1019
1018
1020
1062
1063
1062
1020
1017
1019
1018
1018
1016
1017
1016
1018
1061
1062
1061
1018
1061
1062
1086
1087
1086
1062
1062
1063
1087
1061
1060
1016
1060
1061
1085
1086
1085
1061
1016
1014
1015
1015
1017
1016
1014
1016
1060
1060
1059
1014
1059
1060
1084
1085
1084
1060
1084
1085
1109
1110
1109
1085
1085
1086
1110
1084
1083
1059
1083
1084
1108
1109
1108
1084
1059
1058
1012
1012
1014
1059
1058
1059
1083
1083
1082
1058
1082
1083
1107
1108
1107
1083
1107
1108
1132
1133
1132
1108
1108
1109
1133
1107
1106
1082
1106
1107
1131
1132
1131
1107
1082
1081
1057
1057
1058
1082
1081
1082
1106
1106
1105
1081
1105
1106
1130
1131
1130
1106
1080
1081
1105
1105
1104
1080
1104
1105
1129
1130
1129
1105
1129
1128
1104
1127
1104
1128
1128
1151
1127
1058
1057
1010
1010
1012
1058
1012
1010
1011
1011
1013
1012
1014
1012
1013
1013
1015
1014
1134
1133
1109
1109
1110
1134
1135
1134
1110
1111
1110
1086
1110
1111
1135
1136
1135
1111
1086
1087
1111
1112
1111
1087
1111
1112
1136
1137
1136
1112
1087
1088
1112
1113
1112
1088
1112
1113
1137
1088
1087
1063
1063
1064
1088
1089
1088
1064
1088
1089
1113
1114
1113
1089
1138
1137
1113
1113
1114
1138
1139
1138
1114
1143
1142
1118
1118
1119
1143
1144
1143
1119
1120
1119
1095
1119
1120
1144
1145
1144
1120
1095
1096
1120
1121
1120
1096
1120
1121
1145
1146
1145
1121
1096
1097
1121
1122
1121
1097
1121
1122
1146
1097
1096
1072
1072
1073
1097
1098
1097
1073
1097
1098
1122
1123
1122
1098
1147
1146
1122
1122
1123
1147
1148
1147
1123
1154
1153
1152
1156
1154
1152
1160
1156
1152
1168
1160
1152
1172
1168
1152
1174
1172
1152
1174
1152
1175
1156
1155
1154
1158
1157
1156
1160
1158
1156
1160
1159
1158
1162
1161
1160
1164
1162
1160
1168
1164
1160
1164
1163
1162
1166
1165
1164
1168
1166
1164
1168
1167
1166
1170
1169
1168
1172
1170
1168
1172
1171
1170
1174
1173
1172
1178
1177
1176
1180
1178
1176
1184
1180
1176
1192
1184
1176
1196
1192
1176
1198
1196
1176
1198
1176
1199
1180
1179
1178
1182
1181
1180
1184
1182
1180
1184
1183
1182
1186
1185
1184
1188
1186
1184
1192
1188
1184
1188
1187
1186
1190
1189
1188
1192
1190
1188
1192
1191
1190
1194
1193
1192
1196
1194
1192
1196
1195
1194
1198
1197
1196
1202
1201
1200
1200
1203
1202
1206
1205
1204
1204
1207
1206
1210
1209
1208
1208
1211
1210
1214
1213
1212
1212
1215
1214
1218
1217
1216
1216
1219
1218
1222
1221
1220
1220
1223
1222
1226
1225
1224
1224
1227
1226
1230
1229
1228
1228
1231
1230
1234
1233
1232
1232
1235
1234
1238
1237
1236
1236
1239
1238
1242
1241
1240
1240
1243
1242
1246
1245
1244
1244
1247
1246
1250
1249
1248
1248
1251
1250
1254
1253
1252
1252
1255
1254
1258
1257
1256
1256
1259
1258
1262
1261
1260
1260
1263
1262
1266
1265
1264
1264
1267
1266
1270
1269
1268
1268
1271
1270
1274
1273
1272
1272
1275
1274
1278
1277
1276
1276
1279
1278
1282
1281
1280
1280
1283
1282
1286
1285
1284
1284
1287
1286
1290
1289
1288
1288
1291
1290
1294
1293
1292
1292
1295
1294
1298
1297
1296
1296
1299
1298
1302
1301
1300
1300
1303
1302
1306
1305
1304
1304
1307
1306
1310
1309
1308
1308
1311
1310
1314
1313
1312
1312
1315
1314
1318
1317
1316
1316
1319
1318
1322
1321
1320
1320
1323
1322
1326
1325
1324
1324
1327
1326
1330
1329
1328
1328
1331
1330
1334
1333
1332
1332
1335
1334
1338
1337
1336
1336
1339
1338
1342
1341
1340
1340
1343
1342
1346
1345
1344
1344
1347
1346
1350
1349
1348
1348
1351
1350
1354
1353
1352
1352
1355
1354
1358
1357
1356
1356
1359
1358
1362
1361
1360
1360
1363
1362
1366
1365
1364
1364
1367
1366
1370
1369
1368
1368
1371
1370
1374
1373
1372
1372
1375
1374
1378
1377
1376
1376
1379
1378
1382
1381
1380
1380
1383
1382
1386
1385
1384
1384
1387
1386
1390
1389
1388
1388
1391
1390
1394
1393
1392
1392
1395
1394
1398
1397
1396
1396
1399
1398
1402
1401
1400
1400
1403
1402
1406
1405
1404
1404
1407
1406
1410
1409
1408
1408
1411
1410
1414
1413
1412
1412
1415
1414
1418
1417
1416
1416
1419
1418
1422
1421
1420
1420
1423
1422
1426
1425
1424
1424
1427
1426
1430
1429
1428
1428
1431
1430
1434
1433
1432
1432
1435
1434
1438
1437
1436
1436
1439
1438
1442
1441
1440
1440
1443
1442
1446
1445
1444
1444
1447
1446
1450
1449
1448
1448
1451
1450
1454
1453
1452
1452
1455
1454
1458
1457
1456
1456
1459
1458
1462
1461
1460
1460
1463
1462
1466
1465
1464
1464
1467
1466
1470
1469
1468
1468
1471
1470
1474
1473
1472
1472
1475
1474
1478
1477
1476
1476
1479
1478
1482
1481
1480
1480
1483
1482
1486
1485
1484
1484
1487
1486
1490
1489
1488
1488
1491
1490
1494
1493
1492
1492
1495
1494
1498
1497
1496
1496
1499
1498
1502
1501
1500
1500
1503
1502
1506
1505
1504
1504
1507
1506
1510
1509
1508
1508
1511
1510
1514
1513
1512
1512
1515
1514
1518
1517
1516
1516
1519
1518
1522
1521
1520
1520
1523
1522
1526
1525
1524
1524
1527
1526
1530
1529
1528
1528
1531
1530
1534
1533
1532
1532
1535
1534
1538
1537
1536
1536
1539
1538
1542
1541
1540
1540
1543
1542
1546
1545
1544
1544
1547
1546
1550
1549
1548
1548
1551
1550
1554
1553
1552
1552
1555
1554
1558
1557
1556
1556
1559
1558
1562
1561
1560
1560
1563
1562
1566
1565
1564
1564
1567
1566
1570
1569
1568
1568
1571
1570
1574
1573
1572
1572
1575
1574
1578
1577
1576
1576
1579
1578
1582
1581
1580
1580
1583
1582
1586
1585
1584
1584
1587
1586
1590
1589
1588
1588
1591
1590
1594
1593
1592
1592
1595
1594
1598
1597
1596
1596
1599
1598
1602
1601
1600
1600
1603
1602
1606
1605
1604
1604
1607
1606
1610
1609
1608
1608
1611
1610
1614
1613
1612
1612
1615
1614
1618
1617
1616
1616
1619
1618
1622
1621
1620
1620
1623
1622
1626
1625
1624
1624
1627
1626
1630
1629
1628
1628
1631
1630
1634
1633
1632
1632
1635
1634
1638
1637
1636
1636
1639
1638
1642
1641
1640
1640
1643
1642
1646
1645
1644
1644
1647
1646
1650
1649
1648
1648
1651
1650
1654
1653
1652
1652
1655
1654
1658
1657
1656
1656
1659
1658
1662
1661
1660
1660
1663
1662
1666
1665
1664
1664
1667
1666
1670
1669
1668
1668
1671
1670
1674
1673
1672
1672
1675
1674
1678
1677
1676
1676
1679
1678
