188
51.2829
1.82311
-94.0179
51.2829
3.64621
-94.0179
44.14
3.64621
-94.0058
44.14
5.46931
-94.0058
36.9972
5.46931
-93.9938
36.9972
7.29241
-93.9938
29.8543
7.29241
-93.9817
29.8543
9.11551
-93.9817
22.7115
9.11551
-93.9697
22.7115
10.9386
-93.9697
15.5686
10.9386
-93.9576
15.5686
4.10702e-06
-93.9576
58.4257
4.11018e-06
-94.03
58.4257
1.82311
-94.03
15.6192
10.9386
-63.9577
22.7621
10.9386
-63.9697
22.7621
9.11551
-63.9697
15.6192
2.79568e-06
-63.9577
29.9049
9.11551
-63.9818
29.9049
7.29241
-63.9818
37.0478
7.29241
-63.9938
37.0478
5.46931
-63.9938
44.1906
5.46931
-64.0059
44.1906
3.64621
-64.0059
51.3335
3.64621
-64.0179
51.3335
1.8231
-64.0179
58.4763
2.79884e-06
-64.03
58.4763
1.8231
-64.03
22.7621
10.9386
-63.9697
15.6192
10.9386
-63.9577
15.5686
10.9386
-93.9576
22.7115
10.9386
-93.9697
22.7621
9.11551
-63.9697
22.7621
10.9386
-63.9697
22.7115
10.9386
-93.9697
22.7115
9.11551
-93.9697
29.9049
9.11551
-63.9818
22.7621
9.11551
-63.9697
22.7115
9.11551
-93.9697
29.8543
9.11551
-93.9817
29.9049
7.29241
-63.9818
29.9049
9.11551
-63.9818
29.8543
9.11551
-93.9817
29.8543
7.29241
-93.9817
37.0478
7.29241
-63.9938
29.9049
7.29241
-63.9818
29.8543
7.29241
-93.9817
36.9972
7.29241
-93.9938
37.0478
5.46931
-63.9938
37.0478
7.29241
-63.9938
36.9972
7.29241
-93.9938
36.9972
5.46931
-93.9938
44.1906
5.46931
-64.0059
37.0478
5.46931
-63.9938
36.9972
5.46931
-93.9938
44.14
5.46931
-94.0058
44.1906
3.64621
-64.0059
44.1906
5.46931
-64.0059
44.14
5.46931
-94.0058
44.14
3.64621
-94.0058
51.3335
3.64621
-64.0179
44.1906
3.64621
-64.0059
44.14
3.64621
-94.0058
51.2829
3.64621
-94.0179
51.3335
1.8231
-64.0179
51.3335
3.64621
-64.0179
51.2829
3.64621
-94.0179
51.2829
1.82311
-94.0179
58.4763
1.8231
-64.03
51.3335
1.8231
-64.0179
51.2829
1.82311
-94.0179
58.4257
1.82311
-94.03
58.4763
2.79884e-06
-64.03
58.4763
1.8231
-64.03
58.4257
1.82311
-94.03
58.4257
4.11018e-06
-94.03
15.6192
2.79568e-06
-63.9577
58.4763
2.79884e-06
-64.03
58.4257
4.11018e-06
-94.03
15.5686
4.10702e-06
-93.9576
15.6192
10.9386
-63.9577
15.6192
2.79568e-06
-63.9577
15.5686
4.10702e-06
-93.9576
15.5686
10.9386
-93.9576
53.813
4.15355e-06
-95.0222
58.424
4.15389e-06
-95.0299
58.424
11.8231
-95.0299
15.5669
9.76171
-94.9576
15.5669
22.7617
-94.9576
58.4257
11.8231
-94.03
58.4257
4.11018e-06
-94.03
53.8147
4.10984e-06
-94.0222
15.5686
9.76171
-93.9576
15.5686
22.7617
-93.9576
53.8653
2.7985e-06
-64.0222
58.4763
2.79884e-06
-64.03
58.4763
11.8231
-64.03
15.6192
9.76171
-63.9577
15.6192
22.7617
-63.9577
58.478
11.8231
-63.03
58.478
2.75513e-06
-63.03
53.867
2.75479e-06
-63.0222
15.6209
9.76171
-62.9577
15.6209
22.7617
-62.9577
58.4257
11.8231
-94.03
15.5686
22.7617
-93.9576
15.5669
22.7617
-94.9576
58.424
11.8231
-95.0299
58.478
11.8231
-63.03
15.6209
22.7617
-62.9577
15.6192
22.7617
-63.9577
58.4763
11.8231
-64.03
58.4257
11.8231
-94.03
58.424
11.8231
-95.0299
58.424
4.15389e-06
-95.0299
58.478
2.75513e-06
-63.03
58.478
11.8231
-63.03
58.4763
11.8231
-64.03
53.8147
4.10984e-06
-94.0222
58.424
4.15389e-06
-95.0299
53.813
4.15355e-06
-95.0222
53.867
2.75479e-06
-63.0222
58.478
2.75513e-06
-63.03
53.8653
2.7985e-06
-64.0222
15.5686
9.76171
-93.9576
53.8147
4.10984e-06
-94.0222
53.813
4.15355e-06
-95.0222
15.5669
9.76171
-94.9576
15.6209
9.76171
-62.9577
53.867
2.75479e-06
-63.0222
53.8653
2.7985e-06
-64.0222
15.6192
9.76171
-63.9577
15.5686
22.7617
-93.9576
15.5686
9.76171
-93.9576
15.5669
9.76171
-94.9576
15.5669
22.7617
-94.9576
15.6209
22.7617
-62.9577
15.6209
9.76171
-62.9577
15.6192
9.76171
-63.9577
15.6192
22.7617
-63.9577
15.5972
2.7867e-06
-63.7522
15.5972
4.09804e-06
-93.7522
-14.4028
4.09804e-06
-93.7522
-14.4028
2.7867e-06
-63.7522
15.5972
13
-63.7522
-14.4028
13
-63.7522
-14.4028
13
-93.7522
15.5972
13
-93.7522
15.5972
2.7867e-06
-63.7522
-14.4028
2.7867e-06
-63.7522
-14.4028
13
-63.7522
15.5972
13
-63.7522
-14.4028
2.7867e-06
-63.7522
-14.4028
4.09804e-06
-93.7522
-14.4028
13
-93.7522
-14.4028
13
-63.7522
-14.4028
4.09804e-06
-93.7522
15.5972
4.09804e-06
-93.7522
15.5972
13
-93.7522
-14.4028
13
-93.7522
15.5972
4.09804e-06
-93.7522
15.5972
2.7867e-06
-63.7522
15.5972
13
-63.7522
15.5972
13
-93.7522
-14.3757
9.73188
-62.9964
-14.3757
22.7319
-62.9964
15.6243
22.7319
-62.9964
15.6243
9.73188
-62.9964
-14.3757
9.73189
-93.8963
-14.3757
22.7319
-93.8963
-14.3757
22.7319
-62.9964
-14.3757
9.73188
-62.9964
-13.3757
9.73189
-93.8963
-13.3757
22.7319
-93.8963
-14.3757
22.7319
-93.8963
-14.3757
9.73189
-93.8963
-13.3757
9.73188
-63.9964
-13.3757
22.7319
-63.9964
-13.3757
22.7319
-93.8963
-13.3757
9.73189
-93.8963
15.6243
9.73188
-63.9964
15.6243
22.7319
-63.9964
-13.3757
22.7319
-63.9964
-13.3757
9.73188
-63.9964
15.6243
9.73188
-62.9964
15.6243
22.7319
-62.9964
15.6243
22.7319
-63.9964
15.6243
9.73188
-63.9964
324
2
1
0
11
2
0
12
11
0
13
12
0
4
3
2
11
4
2
11
10
8
11
8
6
11
6
4
6
5
4
8
7
6
10
9
8
16
15
14
16
14
17
19
18
16
19
16
17
21
19
17
23
21
17
25
23
17
25
17
26
21
20
19
23
22
21
25
24
23
27
25
26
30
29
28
28
31
30
34
33
32
32
35
34
38
37
36
36
39
38
42
41
40
40
43
42
46
45
44
44
47
46
50
49
48
48
51
50
54
53
52
52
55
54
58
57
56
56
59
58
62
61
60
60
63
62
66
65
64
64
67
66
70
69
68
68
71
70
74
73
72
72
75
74
115
72
117
113
112
75
75
114
113
117
116
115
78
77
76
76
79
78
119
78
118
118
120
119
77
122
121
121
123
77
82
81
80
80
83
82
86
85
84
86
84
87
86
87
88
91
90
89
92
91
89
93
92
89
96
95
94
96
94
97
96
97
98
101
100
99
102
101
99
103
102
99
106
105
104
104
107
106
110
109
108
108
111
110
126
125
124
124
127
126
130
129
128
128
131
130
134
133
132
132
135
134
138
137
136
136
139
138
142
141
140
140
143
142
146
145
144
144
147
146
150
149
148
148
151
150
154
153
152
152
155
154
158
157
156
156
159
158
162
161
160
160
163
162
166
165
164
164
167
166
170
169
168
168
171
170
174
173
172
172
175
174
178
177
176
176
179
178
182
181
180
180
183
182
186
185
184
184
187
186
