1233
-54.1742
66.7865
54.1742
-54.1742
66.7865
-54.1742
54.1742
66.7865
-54.1742
54.1742
66.7865
54.1742
54.1742
66.7278
-54.7151
54.2589
66.7278
-54.7085
54.3414
66.7278
-54.6886
54.4198
66.7278
-54.6562
54.4922
66.7278
-54.6118
54.5567
66.7278
-54.5567
54.6119
66.7278
-54.4921
54.6562
66.7278
-54.4198
54.6887
66.7278
-54.3413
54.7085
66.7278
-54.2588
54.7152
66.7278
-54.1742
54.7151
66.7278
54.1742
54.7085
66.7278
54.2589
54.6886
66.7278
54.3414
54.6562
66.7278
54.4198
54.6118
66.7278
54.4922
54.5567
66.7278
54.5567
54.4921
66.7278
54.6119
54.4198
66.7278
54.6562
54.3413
66.7278
54.6887
54.2588
66.7278
54.7085
54.1742
66.7278
54.7152
-54.1742
66.7278
54.7151
-54.2589
66.7278
54.7085
-54.3414
66.7278
54.6887
-54.4198
66.7278
54.6562
-54.4922
66.7278
54.6118
-54.5567
66.7278
54.5567
-54.6119
66.7278
54.4921
-54.6562
66.7278
54.4198
-54.6887
66.7278
54.3414
-54.7085
66.7278
54.2588
-54.7152
66.7278
54.1742
-54.7151
66.7278
-54.1742
-54.7085
66.7278
-54.2588
-54.6886
66.7278
-54.3414
-54.6562
66.7278
-54.4198
-54.6118
66.7278
-54.4922
-54.5567
66.7278
-54.5567
-54.4921
66.7278
-54.6119
-54.4198
66.7278
-54.6562
-54.3413
66.7278
-54.6887
-54.2588
66.7278
-54.7085
-54.1742
66.7278
-54.7152
54.3414
66.553
-55.2296
54.1742
66.553
-55.2427
54.5044
66.553
-55.1904
54.6593
66.553
-55.1263
54.8023
66.553
-55.0387
54.9298
66.553
-54.9298
55.0387
66.553
-54.8023
55.1263
66.553
-54.6593
55.1905
66.553
-54.5044
55.2296
66.553
-54.3413
55.2428
66.553
-54.1742
55.2427
66.553
54.1742
55.2296
66.553
54.3414
55.1904
66.553
54.5044
55.1263
66.553
54.6594
55.0387
66.553
54.8023
54.9298
66.553
54.9298
54.8023
66.553
55.0387
54.6593
66.553
55.1263
54.5044
66.553
55.1905
54.3413
66.553
55.2296
54.1742
66.553
55.2428
-54.1742
66.553
55.2427
-54.3414
66.553
55.2296
-54.5044
66.553
55.1904
-54.6593
66.553
55.1263
-54.8023
66.553
55.0387
-54.9298
66.553
54.9298
-55.0387
66.553
54.8023
-55.1263
66.553
54.6593
-55.1905
66.553
54.5044
-55.2296
66.553
54.3414
-55.2428
66.553
54.1742
-55.2427
66.553
-54.1742
-55.2296
66.553
-54.3414
-55.1904
66.553
-54.5044
-55.1263
66.553
-54.6593
-55.0387
66.553
-54.8023
-54.9298
66.553
-54.9298
-54.8023
66.553
-55.0387
-54.6593
66.553
-55.1263
-54.5044
66.553
-55.1905
-54.3413
66.553
-55.2296
-54.1742
66.553
-55.2428
54.4198
66.2665
-55.7247
54.1742
66.2665
-55.744
54.6593
66.2665
-55.6672
54.8869
66.2665
-55.5729
55.097
66.2665
-55.4442
55.2843
66.2665
-55.2842
55.4443
66.2665
-55.0969
55.573
66.2665
-54.8869
55.6673
66.2665
-54.6593
55.7248
66.2665
-54.4198
55.7441
66.2665
-54.1742
55.7441
66.2665
54.1742
55.7247
66.2665
54.4198
55.6672
66.2665
54.6594
55.5729
66.2665
54.8869
55.4442
66.2665
55.097
55.2842
66.2665
55.2843
55.0969
66.2665
55.4443
54.8869
66.2665
55.573
54.6593
66.2665
55.6673
54.4198
66.2665
55.7248
54.1742
66.2665
55.7441
-54.1742
66.2665
55.7441
-54.4198
66.2665
55.7247
-54.6593
66.2665
55.6672
-54.8869
66.2665
55.5729
-55.097
66.2665
55.4442
-55.2843
66.2665
55.2843
-55.4443
66.2665
55.0969
-55.573
66.2665
54.8869
-55.6673
66.2665
54.6593
-55.7248
66.2665
54.4198
-55.7441
66.2665
54.1742
-55.7441
66.2665
-54.1742
-55.7247
66.2665
-54.4198
-55.6672
66.2665
-54.6593
-55.5729
66.2665
-54.8869
-55.4442
66.2665
-55.097
-55.2842
66.2665
-55.2843
-55.0969
66.2665
-55.4443
-54.8869
66.2665
-55.573
-54.6593
66.2665
-55.6673
-54.4198
66.2665
-55.7248
-54.1742
66.2665
-55.7441
54.4922
65.8754
-56.1817
54.1742
65.8754
-56.2067
54.8023
65.8754
-56.1072
55.097
65.8754
-55.9852
55.3689
65.8754
-55.8185
55.6114
65.8754
-55.6114
55.8186
65.8754
-55.3689
55.9852
65.8754
-55.0969
56.1073
65.8754
-54.8023
56.1817
65.8754
-54.4921
56.2067
65.8754
-54.1742
56.2067
65.8754
54.1742
56.1817
65.8754
54.4922
56.1072
65.8754
54.8023
55.9852
65.8754
55.097
55.8185
65.8754
55.3689
55.6114
65.8754
55.6114
55.3689
65.8754
55.8186
55.0969
65.8754
55.9852
54.8023
65.8754
56.1073
54.4921
65.8754
56.1817
54.1742
65.8754
56.2068
-54.1742
65.8754
56.2067
-54.4922
65.8754
56.1817
-54.8023
65.8754
56.1072
-55.097
65.8754
55.9852
-55.3689
65.8754
55.8185
-55.6114
65.8754
55.6114
-55.8186
65.8754
55.3689
-55.9852
65.8754
55.0969
-56.1073
65.8754
54.8023
-56.1817
65.8754
54.4921
-56.2067
65.8754
54.1742
-56.2067
65.8754
-54.1742
-56.1817
65.8754
-54.4922
-56.1072
65.8754
-54.8023
-55.9852
65.8754
-55.097
-55.8185
65.8754
-55.3689
-55.6114
65.8754
-55.6114
-55.3689
65.8754
-55.8186
-55.0969
65.8754
-55.9852
-54.8023
65.8754
-56.1073
-54.4921
65.8754
-56.1817
-54.1742
65.8754
-56.2067
54.5567
65.3893
-56.5892
54.1742
65.3893
-56.6193
54.9298
65.3893
-56.4996
55.2843
65.3893
-56.3528
55.6114
65.3893
-56.1523
55.9032
65.3893
-55.9031
56.1524
65.3893
-55.6114
56.3529
65.3893
-55.2842
56.4997
65.3893
-54.9298
56.5893
65.3893
-54.5567
56.6194
65.3893
-54.1742
56.6193
65.3893
54.1742
56.5892
65.3893
54.5567
56.4996
65.3893
54.9298
56.3528
65.3893
55.2843
56.1523
65.3893
55.6114
55.9031
65.3893
55.9032
55.6114
65.3893
56.1524
55.2842
65.3893
56.3529
54.9298
65.3893
56.4997
54.5567
65.3893
56.5893
54.1742
65.3893
56.6194
-54.1742
65.3893
56.6193
-54.5567
65.3893
56.5892
-54.9298
65.3893
56.4996
-55.2843
65.3893
56.3528
-55.6114
65.3893
56.1523
-55.9032
65.3893
55.9032
-56.1524
65.3893
55.6114
-56.3529
65.3893
55.2843
-56.4997
65.3893
54.9298
-56.5893
65.3893
54.5567
-56.6194
65.3893
54.1742
-56.6193
65.3893
-54.1742
-56.5892
65.3893
-54.5567
-56.4996
65.3893
-54.9298
-56.3528
65.3893
-55.2843
-56.1523
65.3893
-55.6114
-55.9031
65.3893
-55.9032
-55.6114
65.3893
-56.1524
-55.2842
65.3893
-56.3528
-54.9298
65.3893
-56.4997
-54.5567
65.3893
-56.5892
-54.1742
65.3893
-56.6194
54.6119
64.82
-56.9373
54.1742
64.82
-56.9717
55.0387
64.82
-56.8348
55.4443
64.82
-56.6668
55.8186
64.82
-56.4374
56.1524
64.82
-56.1523
56.4375
64.82
-55.8185
56.6668
64.82
-55.4442
56.8348
64.82
-55.0387
56.9373
64.82
-54.6118
56.9718
64.82
-54.1742
56.9717
64.82
54.1742
56.9373
64.82
54.6119
56.8348
64.82
55.0387
56.6668
64.82
55.4443
56.4374
64.82
55.8186
56.1523
64.82
56.1524
55.8185
64.82
56.4375
55.4442
64.82
56.6668
55.0387
64.82
56.8348
54.6118
64.82
56.9373
54.1742
64.82
56.9718
-54.1742
64.82
56.9717
-54.6119
64.82
56.9373
-55.0387
64.82
56.8348
-55.4443
64.82
56.6668
-55.8186
64.82
56.4374
-56.1524
64.82
56.1523
-56.4375
64.82
55.8185
-56.6668
64.82
55.4442
-56.8348
64.82
55.0387
-56.9373
64.82
54.6118
-56.9718
64.82
54.1742
-56.9717
64.82
-54.1742
-56.9373
64.82
-54.6119
-56.8348
64.82
-55.0387
-56.6668
64.82
-55.4443
-56.4374
64.82
-55.8186
-56.1523
64.82
-56.1524
-55.8185
64.82
-56.4375
-55.4442
64.82
-56.6668
-55.0387
64.82
-56.8348
-54.6118
64.82
-56.9373
-54.1742
64.82
-56.9718
54.6562
64.1818
-57.2173
54.1742
64.1818
-57.2552
55.1263
64.1818
-57.1044
55.573
64.1818
-56.9194
55.9852
64.1818
-56.6668
56.3529
64.1818
-56.3528
56.6668
64.1818
-55.9852
56.9195
64.1818
-55.5729
57.1045
64.1818
-55.1263
57.2173
64.1818
-54.6562
57.2553
64.1818
-54.1742
57.2552
64.1818
54.1742
57.2173
64.1818
54.6562
57.1044
64.1818
55.1263
56.9194
64.1818
55.573
56.6668
64.1818
55.9852
56.3528
64.1818
56.3529
55.9852
64.1818
56.6668
55.5729
64.1818
56.9195
55.1263
64.1818
57.1045
54.6562
64.1818
57.2173
54.1742
64.1818
57.2553
-54.1742
64.1818
57.2552
-54.6562
64.1818
57.2173
-55.1263
64.1818
57.1044
-55.573
64.1818
56.9194
-55.9852
64.1818
56.6668
-56.3529
64.1818
56.3528
-56.6668
64.1818
55.9852
-56.9195
64.1818
55.5729
-57.1045
64.1818
55.1263
-57.2173
64.1818
54.6562
-57.2553
64.1818
54.1742
-57.2552
64.1818
-54.1742
-57.2173
64.1818
-54.6562
-57.1044
64.1818
-55.1263
-56.9194
64.1818
-55.573
-56.6668
64.1818
-55.9852
-56.3528
64.1818
-56.3528
-55.9852
64.1818
-56.6668
-55.5729
64.1818
-56.9195
-55.1263
64.1818
-57.1045
-54.6562
64.1818
-57.2173
-54.1742
64.1818
-57.2553
54.6887
63.4902
-57.4224
54.1742
63.4902
-57.4629
55.1905
63.4902
-57.3019
55.6673
63.4902
-57.1044
56.1073
63.4902
-56.8348
56.4997
63.4902
-56.4996
56.8348
63.4902
-56.1072
57.1045
63.4902
-55.6672
57.302
63.4902
-55.1904
57.4224
63.4902
-54.6886
57.4629
63.4902
-54.1742
57.4629
63.4902
54.1742
57.4224
63.4902
54.6887
57.3019
63.4902
55.1905
57.1044
63.4902
55.6673
56.8348
63.4902
56.1073
56.4996
63.4902
56.4997
56.1072
63.4902
56.8348
55.6672
63.4902
57.1045
55.1904
63.4902
57.302
54.6886
63.4902
57.4224
54.1742
63.4902
57.4629
-54.1742
63.4902
57.4629
-54.6887
63.4902
57.4224
-55.1905
63.4902
57.3019
-55.6673
63.4902
57.1044
-56.1073
63.4902
56.8348
-56.4997
63.4902
56.4996
-56.8348
63.4902
56.1072
-57.1045
63.4902
55.6672
-57.302
63.4902
55.1904
-57.4224
63.4902
54.6887
-57.4629
63.4902
54.1742
-57.4629
63.4902
-54.1742
-57.4224
63.4902
-54.6887
-57.3019
63.4902
-55.1905
-57.1044
63.4902
-55.6673
-56.8348
63.4902
-56.1073
-56.4996
63.4902
-56.4997
-56.1072
63.4902
-56.8348
-55.6672
63.4902
-57.1045
-55.1904
63.4902
-57.302
-54.6886
63.4902
-57.4224
-54.1742
63.4902
-57.4629
54.7085
62.7623
-57.5475
54.1742
62.7623
-57.5895
55.2296
62.7623
-57.4224
55.7248
62.7623
-57.2173
56.1817
62.7623
-56.9373
56.5893
62.7623
-56.5892
56.9373
62.7623
-56.1817
57.2173
62.7623
-55.7247
57.4224
62.7623
-55.2296
57.5475
62.7623
-54.7085
57.5896
62.7623
-54.1742
57.5895
62.7623
54.1742
57.5475
62.7623
54.7085
57.4224
62.7623
55.2296
57.2173
62.7623
55.7248
56.9373
62.7623
56.1817
56.5892
62.7623
56.5893
56.1817
62.7623
56.9373
55.7247
62.7623
57.2173
55.2296
62.7623
57.4224
54.7085
62.7623
57.5475
54.1742
62.7623
57.5896
-54.1742
62.7623
57.5895
-54.7085
62.7623
57.5475
-55.2296
62.7623
57.4224
-55.7248
62.7623
57.2173
-56.1817
62.7623
56.9373
-56.5893
62.7623
56.5892
-56.9373
62.7623
56.1817
-57.2173
62.7623
55.7247
-57.4224
62.7623
55.2296
-57.5475
62.7623
54.7085
-57.5896
62.7623
54.1742
-57.5895
62.7623
-54.1742
-57.5475
62.7623
-54.7085
-57.4224
62.7623
-55.2296
-57.2173
62.7623
-55.7248
-56.9373
62.7623
-56.1817
-56.5892
62.7623
-56.5892
-56.1817
62.7623
-56.9373
-55.7247
62.7623
-57.2173
-55.2296
62.7623
-57.4224
-54.7085
62.7623
-57.5475
-54.1742
62.7623
-57.5896
54.7152
62.016
-57.5895
54.1742
62.016
-57.6321
55.2428
62.016
-57.4629
55.7441
62.016
-57.2552
56.2067
62.016
-56.9717
56.6194
62.016
-56.6193
56.9718
62.016
-56.2067
57.2553
62.016
-55.744
57.4629
62.016
-55.2427
57.5896
62.016
-54.7151
57.6322
62.016
-54.1742
57.6321
62.016
54.1742
57.5895
62.016
54.7152
57.4629
62.016
55.2428
57.2552
62.016
55.7441
56.9717
62.016
56.2068
56.6193
62.016
56.6194
56.2067
62.016
56.9718
55.7441
62.016
57.2553
55.2427
62.016
57.4629
54.7151
62.016
57.5896
54.1742
62.016
57.6322
-54.1742
62.016
57.6321
-54.7152
62.016
57.5895
-55.2428
62.016
57.4629
-55.7441
62.016
57.2552
-56.2067
62.016
56.9717
-56.6194
62.016
56.6193
-56.9718
62.016
56.2067
-57.2553
62.016
55.7441
-57.4629
62.016
55.2427
-57.5896
62.016
54.7151
-57.6322
62.016
54.1742
-57.6321
62.016
-54.1742
-57.5895
62.016
-54.7152
-57.4629
62.016
-55.2428
-57.2552
62.016
-55.7441
-56.9717
62.016
-56.2067
-56.6193
62.016
-56.6194
-56.2067
62.016
-56.9718
-55.7441
62.016
-57.2553
-55.2427
62.016
-57.4629
-54.7151
62.016
-57.5896
-54.1742
62.016
-57.6322
54.1742
56.8481
-57.6321
54.7152
56.8481
-57.5895
55.2428
56.8481
-57.4629
55.7441
56.8481
-57.2552
56.2067
56.8481
-56.9717
56.6194
56.8481
-56.6193
56.9718
56.8481
-56.2067
57.2553
56.8481
-55.744
57.4629
56.8481
-55.2427
57.5896
56.8481
-54.7151
57.6322
56.8481
-54.1742
57.6321
56.848
54.1742
57.5895
56.848
54.7152
57.4629
56.848
55.2428
57.2552
56.848
55.7441
56.9717
56.848
56.2068
56.6193
56.848
56.6194
56.2067
56.848
56.9718
55.7441
56.848
57.2553
55.2427
56.848
57.4629
54.7151
56.848
57.5896
54.1742
56.848
57.6322
-54.1742
56.848
57.6321
-54.7152
56.848
57.5895
-55.2428
56.848
57.4629
-55.7441
56.848
57.2552
-56.2067
56.848
56.9717
-56.6194
56.848
56.6193
-56.9718
56.848
56.2067
-57.2553
56.848
55.7441
-57.4629
56.848
55.2427
-57.5896
56.848
54.7151
-57.6322
56.848
54.1742
-57.6321
56.8481
-54.1742
-57.5895
56.8481
-54.7152
-57.4629
56.8481
-55.2428
-57.2552
56.8481
-55.7441
-56.9717
56.8481
-56.2067
-56.6193
56.8481
-56.6194
-56.2067
56.8481
-56.9718
-55.7441
56.8481
-57.2553
-55.2427
56.8481
-57.4629
-54.7151
56.8481
-57.5896
-54.1742
56.8481
-57.6322
54.7152
41.3441
-57.5895
54.7152
51.6801
-57.5895
54.1742
51.6801
-57.6321
54.1742
41.3441
-57.6321
55.2428
41.3441
-57.4629
55.2428
51.6801
-57.4629
55.7441
41.3441
-57.2552
55.7441
51.6801
-57.2552
56.2067
41.3441
-56.9717
56.2067
51.6801
-56.9717
56.6194
41.3441
-56.6193
56.6194
51.6801
-56.6193
56.9718
41.3441
-56.2067
56.9718
51.6801
-56.2067
57.2553
41.3441
-55.744
57.2553
51.6801
-55.744
57.4629
41.3441
-55.2427
57.4629
51.6801
-55.2427
57.5896
41.3441
-54.7151
57.5896
51.6801
-54.7151
57.6322
41.3441
-54.1742
57.6322
51.6801
-54.1742
57.6321
41.3441
54.1742
57.6321
51.68
54.1742
57.6322
51.6801
-54.1742
57.6322
41.3441
-54.1742
57.5895
41.3441
54.7152
57.5895
51.68
54.7152
57.6321
51.68
54.1742
57.6321
41.3441
54.1742
57.4629
41.3441
55.2428
57.4629
51.68
55.2428
57.2552
41.3441
55.7441
57.2552
51.68
55.7441
56.9717
41.3441
56.2068
56.9717
51.68
56.2068
56.6193
41.3441
56.6194
56.6193
51.68
56.6194
56.2067
41.3441
56.9718
56.2067
51.68
56.9718
55.7441
41.3441
57.2553
55.7441
51.68
57.2553
55.2427
41.3441
57.4629
55.2427
51.68
57.4629
54.7151
41.3441
57.5896
54.7151
51.68
57.5896
54.1742
41.3441
57.6322
54.1742
51.68
57.6322
-54.1742
41.3441
57.6321
-54.1742
51.68
57.6321
54.1742
51.68
57.6322
54.1742
41.3441
57.6322
-54.7152
41.3441
57.5895
-54.7152
51.68
57.5895
-54.1742
51.68
57.6321
-54.1742
41.3441
57.6321
-55.2428
41.3441
57.4629
-55.2428
51.68
57.4629
-55.7441
41.3441
57.2552
-55.7441
51.68
57.2552
-56.2067
41.3441
56.9717
-56.2067
51.68
56.9717
-56.6194
41.3441
56.6193
-56.6194
51.68
56.6193
-56.9718
41.3441
56.2067
-56.9718
51.68
56.2067
-57.2553
41.3441
55.7441
-57.2553
51.68
55.7441
-57.4629
41.3441
55.2427
-57.4629
51.68
55.2427
-57.5896
41.3441
54.7151
-57.5896
51.68
54.7151
-57.6322
41.3441
54.1742
-57.6322
51.68
54.1742
-57.6321
41.3441
-54.1742
-57.6321
51.6801
-54.1742
-57.6322
51.68
54.1742
-57.6322
41.3441
54.1742
-57.5895
41.3441
-54.7152
-57.5895
51.6801
-54.7152
-57.6321
51.6801
-54.1742
-57.6321
41.3441
-54.1742
-57.4629
41.3441
-55.2428
-57.4629
51.6801
-55.2428
-57.2552
41.3441
-55.7441
-57.2552
51.6801
-55.7441
-56.9717
41.3441
-56.2067
-56.9717
51.6801
-56.2067
-56.6193
41.3441
-56.6194
-56.6193
51.6801
-56.6194
-56.2067
41.3441
-56.9718
-56.2067
51.6801
-56.9718
-55.7441
41.3441
-57.2553
-55.7441
51.6801
-57.2553
-55.2427
41.3441
-57.4629
-55.2427
51.6801
-57.4629
-54.7151
41.3441
-57.5896
-54.7151
51.6801
-57.5896
-54.1742
41.3441
-57.6322
-54.1742
51.6801
-57.6322
54.1742
41.3441
-57.6321
54.1742
51.6801
-57.6321
-54.1742
51.6801
-57.6322
-54.1742
41.3441
-57.6322
54.1742
36.1761
-57.6321
54.7152
36.1761
-57.5895
54.7152
41.3441
-57.5895
54.1742
41.3441
-57.6321
55.2428
36.1761
-57.4629
55.2428
41.3441
-57.4629
55.7441
36.1761
-57.2552
55.7441
41.3441
-57.2552
56.2067
36.1761
-56.9717
56.2067
41.3441
-56.9717
56.6194
36.1761
-56.6193
56.6194
41.3441
-56.6193
56.9718
36.1761
-56.2067
56.9718
41.3441
-56.2067
57.2553
36.1761
-55.7441
57.2553
41.3441
-55.744
57.4629
36.1761
-55.2427
57.4629
41.3441
-55.2427
57.5896
36.1761
-54.7151
57.5896
41.3441
-54.7151
57.6322
36.1761
-54.1742
57.6322
41.3441
-54.1742
57.6322
36.1761
-54.1742
57.6321
36.1761
54.1742
57.6321
41.3441
54.1742
57.6322
41.3441
-54.1742
57.6321
36.1761
54.1742
57.5895
36.1761
54.7152
57.5895
41.3441
54.7152
57.6321
41.3441
54.1742
57.4629
36.1761
55.2428
57.4629
41.3441
55.2428
57.2552
36.1761
55.7441
57.2552
41.3441
55.7441
56.9717
36.1761
56.2067
56.9717
41.3441
56.2068
56.6193
36.1761
56.6194
56.6193
41.3441
56.6194
56.2067
36.1761
56.9718
56.2067
41.3441
56.9718
55.7441
36.1761
57.2553
55.7441
41.3441
57.2553
55.2427
36.1761
57.4629
55.2427
41.3441
57.4629
54.7151
36.1761
57.5896
54.7151
41.3441
57.5896
54.1742
36.1761
57.6322
54.1742
41.3441
57.6322
54.1742
36.1761
57.6322
-54.1742
36.1761
57.6321
-54.1742
41.3441
57.6321
54.1742
41.3441
57.6322
-54.1742
36.1761
57.6321
-54.7152
36.1761
57.5895
-54.7152
41.3441
57.5895
-54.1742
41.3441
57.6321
-55.2428
36.1761
57.4629
-55.2428
41.3441
57.4629
-55.7441
36.1761
57.2552
-55.7441
41.3441
57.2552
-56.2067
36.1761
56.9717
-56.2067
41.3441
56.9717
-56.6194
36.1761
56.6193
-56.6194
41.3441
56.6193
-56.9718
36.1761
56.2067
-56.9718
41.3441
56.2067
-57.2553
36.1761
55.7441
-57.2553
41.3441
55.7441
-57.4629
36.1761
55.2427
-57.4629
41.3441
55.2427
-57.5896
36.1761
54.7151
-57.5896
41.3441
54.7151
-57.6322
36.1761
54.1742
-57.6322
41.3441
54.1742
-57.6322
36.1761
54.1742
-57.6321
36.1761
-54.1742
-57.6321
41.3441
-54.1742
-57.6322
41.3441
54.1742
-57.6321
36.1761
-54.1742
-57.5895
36.1761
-54.7152
-57.5895
41.3441
-54.7152
-57.6321
41.3441
-54.1742
-57.4629
36.1761
-55.2428
-57.4629
41.3441
-55.2428
-57.2552
36.1761
-55.7441
-57.2552
41.3441
-55.7441
-56.9717
36.1761
-56.2067
-56.9717
41.3441
-56.2067
-56.6193
36.1761
-56.6194
-56.6193
41.3441
-56.6194
-56.2067
36.1761
-56.9718
-56.2067
41.3441
-56.9718
-55.7441
36.1761
-57.2553
-55.7441
41.3441
-57.2553
-55.2427
36.1761
-57.4629
-55.2427
41.3441
-57.4629
-54.7151
36.1761
-57.5896
-54.7151
41.3441
-57.5896
-54.1742
36.1761
-57.6322
-54.1742
41.3441
-57.6322
13.8293
36.176
-57.6321
54.1742
36.1761
-57.6321
54.1742
41.3441
-57.6321
-13.8293
36.176
-57.6321
-54.1742
36.1761
-57.6322
-54.1742
41.3441
-57.6322
54.7152
20.6721
-57.5895
54.7152
31.0081
-57.5895
54.1742
31.0081
-57.6321
54.1742
20.6721
-57.6321
55.2428
20.6721
-57.4629
55.2428
31.0081
-57.4629
55.7441
20.6721
-57.2552
55.7441
31.0081
-57.2552
56.2067
20.6721
-56.9717
56.2067
31.0081
-56.9717
56.6194
20.6721
-56.6193
56.6194
31.0081
-56.6193
56.9718
20.6721
-56.2067
56.9718
31.0081
-56.2067
57.2553
20.6721
-55.7441
57.2553
31.0081
-55.7441
57.4629
20.6721
-55.2427
57.4629
31.0081
-55.2427
57.5896
20.6721
-54.7151
57.5896
31.0081
-54.7151
57.6322
20.6721
-54.1742
57.6322
31.0081
-54.1742
57.6321
20.6721
54.1742
57.6321
31.0081
54.1742
57.6322
31.0081
-54.1742
57.6322
20.6721
-54.1742
57.5895
20.6721
54.7152
57.5895
31.0081
54.7152
57.6321
31.0081
54.1742
57.6321
20.6721
54.1742
57.4629
20.6721
55.2428
57.4629
31.0081
55.2428
57.2552
20.6721
55.7441
57.2552
31.0081
55.7441
56.9717
20.6721
56.2067
56.9717
31.0081
56.2067
56.6193
20.6721
56.6194
56.6193
31.0081
56.6194
56.2067
20.6721
56.9718
56.2067
31.0081
56.9718
55.7441
20.6721
57.2553
55.7441
31.0081
57.2553
55.2427
20.6721
57.4629
55.2427
31.0081
57.4629
54.7151
20.6721
57.5896
54.7151
31.0081
57.5896
54.1742
20.6721
57.6322
54.1742
31.0081
57.6322
-54.1742
20.6721
57.6321
-54.1742
31.0081
57.6321
54.1742
31.0081
57.6322
54.1742
20.6721
57.6322
-54.7152
20.6721
57.5895
-54.7152
31.0081
57.5895
-54.1742
31.0081
57.6321
-54.1742
20.6721
57.6321
-55.2428
20.6721
57.4629
-55.2428
31.0081
57.4629
-55.7441
20.6721
57.2552
-55.7441
31.0081
57.2552
-56.2067
20.6721
56.9717
-56.2067
31.0081
56.9717
-56.6194
20.6721
56.6193
-56.6194
31.0081
56.6193
-56.9718
20.6721
56.2067
-56.9718
31.0081
56.2067
-57.2553
20.6721
55.7441
-57.2553
31.0081
55.7441
-57.4629
20.6721
55.2427
-57.4629
31.0081
55.2427
-57.5896
20.6721
54.7151
-57.5896
31.0081
54.7151
-57.6322
20.6721
54.1742
-57.6322
31.0081
54.1742
-57.6321
20.6721
-54.1742
-57.6321
31.0081
-54.1742
-57.6322
31.0081
54.1742
-57.6322
20.6721
54.1742
-57.5895
20.6721
-54.7152
-57.5895
31.0081
-54.7152
-57.6321
31.0081
-54.1742
-57.6321
20.6721
-54.1742
-57.4629
20.6721
-55.2428
-57.4629
31.0081
-55.2428
-57.2552
20.6721
-55.7441
-57.2552
31.0081
-55.7441
-56.9717
20.6721
-56.2067
-56.9717
31.0081
-56.2067
-56.6193
20.6721
-56.6194
-56.6193
31.0081
-56.6194
-56.2067
20.6721
-56.9718
-56.2067
31.0081
-56.9718
-55.7441
20.6721
-57.2553
-55.7441
31.0081
-57.2553
-55.2427
20.6721
-57.4629
-55.2427
31.0081
-57.4629
-54.7151
20.6721
-57.5896
-54.7151
31.0081
-57.5896
-54.1742
20.6721
-57.6322
-54.1742
31.0081
-57.6322
54.1742
15.5041
-57.6321
54.7152
15.5041
-57.5895
54.7152
20.6721
-57.5895
54.1742
20.6721
-57.6321
55.2428
15.5041
-57.4629
55.2428
20.6721
-57.4629
55.7441
15.5041
-57.2552
55.7441
20.6721
-57.2552
56.2067
15.5041
-56.9717
56.2067
20.6721
-56.9717
56.6194
15.5041
-56.6193
56.6194
20.6721
-56.6193
56.9718
15.5041
-56.2067
56.9718
20.6721
-56.2067
57.2553
15.5041
-55.7441
57.2553
20.6721
-55.7441
57.4629
15.5041
-55.2427
57.4629
20.6721
-55.2427
57.5896
15.5041
-54.7151
57.5896
20.6721
-54.7151
57.6322
15.5041
-54.1742
57.6322
20.6721
-54.1742
57.6322
15.5041
-54.1742
57.6321
15.5041
54.1742
57.6321
20.6721
54.1742
57.6322
20.6721
-54.1742
57.6321
15.5041
54.1742
57.5895
15.5041
54.7152
57.5895
20.6721
54.7152
57.6321
20.6721
54.1742
57.4629
15.5041
55.2428
57.4629
20.6721
55.2428
57.2552
15.5041
55.7441
57.2552
20.6721
55.7441
56.9717
15.5041
56.2067
56.9717
20.6721
56.2067
56.6193
15.5041
56.6194
56.6193
20.6721
56.6194
56.2067
15.5041
56.9718
56.2067
20.6721
56.9718
55.7441
15.5041
57.2553
55.7441
20.6721
57.2553
55.2427
15.5041
57.4629
55.2427
20.6721
57.4629
54.7151
15.5041
57.5896
54.7151
20.6721
57.5896
54.1742
15.5041
57.6322
54.1742
20.6721
57.6322
54.1742
15.5041
57.6322
-54.1742
15.5041
57.6321
-54.1742
20.6721
57.6321
54.1742
20.6721
57.6322
-54.1742
15.5041
57.6321
-54.7152
15.5041
57.5895
-54.7152
20.6721
57.5895
-54.1742
20.6721
57.6321
-55.2428
15.5041
57.4629
-55.2428
20.6721
57.4629
-55.7441
15.5041
57.2552
-55.7441
20.6721
57.2552
-56.2067
15.5041
56.9717
-56.2067
20.6721
56.9717
-56.6194
15.5041
56.6193
-56.6194
20.6721
56.6193
-56.9718
15.5041
56.2067
-56.9718
20.6721
56.2067
-57.2553
15.5041
55.7441
-57.2553
20.6721
55.7441
-57.4629
15.5041
55.2427
-57.4629
20.6721
55.2427
-57.5896
15.5041
54.7151
-57.5896
20.6721
54.7151
-57.6322
15.5041
54.1742
-57.6322
20.6721
54.1742
-57.6322
15.5041
54.1742
-57.6321
15.5041
-54.1742
-57.6321
20.6721
-54.1742
-57.6322
20.6721
54.1742
-57.6321
15.5041
-54.1742
-57.5895
15.5041
-54.7152
-57.5895
20.6721
-54.7152
-57.6321
20.6721
-54.1742
-57.4629
15.5041
-55.2428
-57.4629
20.6721
-55.2428
-57.2552
15.5041
-55.7441
-57.2552
20.6721
-55.7441
-56.9717
15.5041
-56.2067
-56.9717
20.6721
-56.2067
-56.6193
15.5041
-56.6194
-56.6193
20.6721
-56.6194
-56.2067
15.5041
-56.9718
-56.2067
20.6721
-56.9718
-55.7441
15.5041
-57.2553
-55.7441
20.6721
-57.2553
-55.2427
15.5041
-57.4629
-55.2427
20.6721
-57.4629
-54.7151
15.5041
-57.5896
-54.7151
20.6721
-57.5896
-54.1742
15.5041
-57.6322
-54.1742
20.6721
-57.6322
54.7152
9.20296e-05
-57.5895
54.7152
10.3361
-57.5895
54.1742
10.3361
-57.6321
54.1742
9.20296e-05
-57.6321
55.2428
9.20296e-05
-57.4629
55.2428
10.3361
-57.4629
55.7441
9.20296e-05
-57.2552
55.7441
10.3361
-57.2552
56.2067
9.20296e-05
-56.9717
56.2067
10.3361
-56.9717
56.6194
9.20296e-05
-56.6193
56.6194
10.3361
-56.6193
56.9718
9.20296e-05
-56.2067
56.9718
10.3361
-56.2067
57.2553
9.20296e-05
-55.7441
57.2553
10.3361
-55.7441
57.4629
9.20296e-05
-55.2427
57.4629
10.3361
-55.2427
57.5896
9.20296e-05
-54.7151
57.5896
10.3361
-54.7151
57.6322
9.20296e-05
-54.1742
57.6322
10.3361
-54.1742
57.6321
8.72612e-05
54.1742
57.6321
10.3361
54.1742
57.6322
10.3361
-54.1742
57.6322
9.20296e-05
-54.1742
57.5895
8.72612e-05
54.7152
57.5895
10.3361
54.7152
57.6321
10.3361
54.1742
57.6321
8.72612e-05
54.1742
57.4629
8.72612e-05
55.2428
57.4629
10.3361
55.2428
57.2552
8.72612e-05
55.7441
57.2552
10.3361
55.7441
56.9717
8.72612e-05
56.2067
56.9717
10.3361
56.2067
56.6193
8.72612e-05
56.6194
56.6193
10.3361
56.6194
56.2067
8.72612e-05
56.9718
56.2067
10.3361
56.9718
55.7441
8.72612e-05
57.2553
55.7441
10.3361
57.2553
55.2427
8.72612e-05
57.4629
55.2427
10.3361
57.4629
54.7151
8.72612e-05
57.5896
54.7151
10.3361
57.5896
54.1742
8.72612e-05
57.6322
54.1742
10.3361
57.6322
-54.1742
8.72612e-05
57.6321
-54.1742
10.3361
57.6321
54.1742
10.3361
57.6322
54.1742
8.72612e-05
57.6322
-54.7152
8.72612e-05
57.5895
-54.7152
10.3361
57.5895
-54.1742
10.3361
57.6321
-54.1742
8.72612e-05
57.6321
-55.2428
8.72612e-05
57.4629
-55.2428
10.3361
57.4629
-55.7441
8.72612e-05
57.2552
-55.7441
10.3361
57.2552
-56.2067
8.72612e-05
56.9717
-56.2067
10.3361
56.9717
-56.6194
8.72612e-05
56.6193
-56.6194
10.3361
56.6193
-56.9718
8.72612e-05
56.2067
-56.9718
10.3361
56.2067
-57.2553
8.72612e-05
55.7441
-57.2553
10.3361
55.7441
-57.4629
8.72612e-05
55.2427
-57.4629
10.3361
55.2427
-57.5896
8.72612e-05
54.7151
-57.5896
10.3361
54.7151
-57.6322
8.72612e-05
54.1742
-57.6322
10.3361
54.1742
-57.6321
9.20296e-05
-54.1742
-57.6321
10.3361
-54.1742
-57.6322
10.3361
54.1742
-57.6322
8.72612e-05
54.1742
-57.5895
9.20296e-05
-54.7152
-57.5895
10.3361
-54.7152
-57.6321
10.3361
-54.1742
-57.6321
9.20296e-05
-54.1742
-57.4629
9.20296e-05
-55.2428
-57.4629
10.3361
-55.2428
-57.2552
9.20296e-05
-55.7441
-57.2552
10.3361
-55.7441
-56.9717
9.20296e-05
-56.2067
-56.9717
10.3361
-56.2067
-56.6193
9.20296e-05
-56.6194
-56.6193
10.3361
-56.6194
-56.2067
9.20296e-05
-56.9718
-56.2067
10.3361
-56.9718
-55.7441
9.20296e-05
-57.2553
-55.7441
10.3361
-57.2553
-55.2427
9.20296e-05
-57.4629
-55.2427
10.3361
-57.4629
-54.7151
9.20296e-05
-57.5896
-54.7151
10.3361
-57.5896
-54.1742
9.20296e-05
-57.6322
-54.1742
10.3361
-57.6322
-54.1742
9.20296e-05
-57.6322
-54.7151
9.20296e-05
-57.5896
-55.2427
9.20296e-05
-57.4629
-55.7441
9.20296e-05
-57.2553
-56.2067
9.20296e-05
-56.9718
-56.6193
9.20296e-05
-56.6194
-56.9717
9.20296e-05
-56.2067
-57.2552
9.20296e-05
-55.7441
-57.4629
9.20296e-05
-55.2428
-57.5895
9.20296e-05
-54.7152
-57.6321
9.20296e-05
-54.1742
-57.6322
8.72612e-05
54.1742
-57.5896
8.72612e-05
54.7151
-57.4629
8.72612e-05
55.2427
-57.2553
8.72612e-05
55.7441
-56.9718
8.72612e-05
56.2067
-56.6194
8.72612e-05
56.6193
-56.2067
8.72612e-05
56.9717
-55.7441
8.72612e-05
57.2552
-55.2428
8.72612e-05
57.4629
-54.7152
8.72612e-05
57.5895
-54.1742
8.72612e-05
57.6321
54.1742
8.72612e-05
57.6322
54.7151
8.72612e-05
57.5896
55.2427
8.72612e-05
57.4629
55.7441
8.72612e-05
57.2553
56.2067
8.72612e-05
56.9718
56.6193
8.72612e-05
56.6194
56.9717
8.72612e-05
56.2067
57.2552
8.72612e-05
55.7441
57.4629
8.72612e-05
55.2428
57.5895
8.72612e-05
54.7152
57.6321
8.72612e-05
54.1742
57.6322
9.20296e-05
-54.1742
57.5896
9.20296e-05
-54.7151
57.4629
9.20296e-05
-55.2427
57.2553
9.20296e-05
-55.7441
56.9718
9.20296e-05
-56.2067
56.6194
9.20296e-05
-56.6193
56.2067
9.20296e-05
-56.9717
55.7441
9.20296e-05
-57.2552
55.2428
9.20296e-05
-57.4629
54.7152
9.20296e-05
-57.5895
-13.8293
9.05991e-05
-57.6321
-54.1742
9.20296e-05
-57.6322
54.7152
9.20296e-05
-57.5895
13.8293
9.05991e-05
-57.6321
-13.8293
9.05991e-05
-57.6321
54.7152
9.20296e-05
-57.5895
54.1742
9.20296e-05
-57.6321
13.8293
9.05991e-05
-57.6321
54.7152
56.8481
-57.5895
54.1742
56.8481
-57.6321
55.2428
56.8481
-57.4629
55.7441
56.8481
-57.2552
56.2067
56.8481
-56.9717
56.6194
56.8481
-56.6193
56.9718
56.8481
-56.2067
57.2553
56.8481
-55.744
57.4629
56.8481
-55.2427
57.5896
56.8481
-54.7151
57.6322
56.8481
-54.1742
57.6321
56.848
54.1742
57.6322
56.8481
-54.1742
57.5895
56.848
54.7152
57.6321
56.848
54.1742
57.4629
56.848
55.2428
57.2552
56.848
55.7441
56.9717
56.848
56.2068
56.6193
56.848
56.6194
56.2067
56.848
56.9718
55.7441
56.848
57.2553
55.2427
56.848
57.4629
54.7151
56.848
57.5896
54.1742
56.848
57.6322
-54.1742
56.848
57.6321
54.1742
56.848
57.6322
-54.7152
56.848
57.5895
-54.1742
56.848
57.6321
-55.2428
56.848
57.4629
-55.7441
56.848
57.2552
-56.2067
56.848
56.9717
-56.6194
56.848
56.6193
-56.9718
56.848
56.2067
-57.2553
56.848
55.7441
-57.4629
56.848
55.2427
-57.5896
56.848
54.7151
-57.6322
56.848
54.1742
-57.6321
56.8481
-54.1742
-57.6322
56.848
54.1742
-57.5895
56.8481
-54.7152
-57.6321
56.8481
-54.1742
-57.4629
56.8481
-55.2428
-57.2552
56.8481
-55.7441
-56.9717
56.8481
-56.2067
-56.6193
56.8481
-56.6194
-56.2067
56.8481
-56.9718
-55.7441
56.8481
-57.2553
-55.2427
56.8481
-57.4629
-54.7151
56.8481
-57.5896
-54.1742
56.8481
-57.6322
54.1742
56.8481
-57.6321
-54.1742
56.8481
-57.6322
54.7152
15.5041
-57.5895
54.1742
15.5041
-57.6321
55.2428
15.5041
-57.4629
55.7441
15.5041
-57.2552
56.2067
15.5041
-56.9717
56.6194
15.5041
-56.6193
56.9718
15.5041
-56.2067
57.2553
15.5041
-55.7441
57.4629
15.5041
-55.2427
57.5896
15.5041
-54.7151
57.6322
15.5041
-54.1742
57.6321
15.5041
54.1742
57.6322
15.5041
-54.1742
57.5895
15.5041
54.7152
57.6321
15.5041
54.1742
57.4629
15.5041
55.2428
57.2552
15.5041
55.7441
56.9717
15.5041
56.2067
56.6193
15.5041
56.6194
56.2067
15.5041
56.9718
55.7441
15.5041
57.2553
55.2427
15.5041
57.4629
54.7151
15.5041
57.5896
54.1742
15.5041
57.6322
-54.1742
15.5041
57.6321
54.1742
15.5041
57.6322
-54.7152
15.5041
57.5895
-54.1742
15.5041
57.6321
-55.2428
15.5041
57.4629
-55.7441
15.5041
57.2552
-56.2067
15.5041
56.9717
-56.6194
15.5041
56.6193
-56.9718
15.5041
56.2067
-57.2553
15.5041
55.7441
-57.4629
15.5041
55.2427
-57.5896
15.5041
54.7151
-57.6322
15.5041
54.1742
-57.6321
15.5041
-54.1742
-57.6322
15.5041
54.1742
-57.5895
15.5041
-54.7152
-57.6321
15.5041
-54.1742
-57.4629
15.5041
-55.2428
-57.2552
15.5041
-55.7441
-56.9717
15.5041
-56.2067
-56.6193
15.5041
-56.6194
-56.2067
15.5041
-56.9718
-55.7441
15.5041
-57.2553
-55.2427
15.5041
-57.4629
-54.7151
15.5041
-57.5896
-54.1742
15.5041
-57.6322
54.7152
36.1761
-57.5895
54.1742
36.1761
-57.6321
55.2428
36.1761
-57.4629
55.7441
36.1761
-57.2552
56.2067
36.1761
-56.9717
56.6194
36.1761
-56.6193
56.9718
36.1761
-56.2067
57.2553
36.1761
-55.7441
57.4629
36.1761
-55.2427
57.5896
36.1761
-54.7151
57.6322
36.1761
-54.1742
57.6321
36.1761
54.1742
57.6322
36.1761
-54.1742
57.5895
36.1761
54.7152
57.6321
36.1761
54.1742
57.4629
36.1761
55.2428
57.2552
36.1761
55.7441
56.9717
36.1761
56.2067
56.6193
36.1761
56.6194
56.2067
36.1761
56.9718
55.7441
36.1761
57.2553
55.2427
36.1761
57.4629
54.7151
36.1761
57.5896
54.1742
36.1761
57.6322
-54.1742
36.1761
57.6321
54.1742
36.1761
57.6322
-54.7152
36.1761
57.5895
-54.1742
36.1761
57.6321
-55.2428
36.1761
57.4629
-55.7441
36.1761
57.2552
-56.2067
36.1761
56.9717
-56.6194
36.1761
56.6193
-56.9718
36.1761
56.2067
-57.2553
36.1761
55.7441
-57.4629
36.1761
55.2427
-57.5896
36.1761
54.7151
-57.6322
36.1761
54.1742
-57.6321
36.1761
-54.1742
-57.6322
36.1761
54.1742
-57.5895
36.1761
-54.7152
-57.6321
36.1761
-54.1742
-57.4629
36.1761
-55.2428
-57.2552
36.1761
-55.7441
-56.9717
36.1761
-56.2067
-56.6193
36.1761
-56.6194
-56.2067
36.1761
-56.9718
-55.7441
36.1761
-57.2553
-55.2427
36.1761
-57.4629
-54.7151
36.1761
-57.5896
-54.1742
36.1761
-57.6322
54.1742
20.6721
-57.6321
54.1742
31.0081
-57.6321
13.8293
31.0081
-57.6321
13.8293
20.6721
-57.6321
-54.1742
31.0081
-57.6322
-54.1742
20.6721
-57.6322
-13.8293
20.6721
-57.6321
-13.8293
31.0081
-57.6321
54.1742
15.5041
-57.6321
54.1742
20.6721
-57.6321
13.8293
20.6721
-57.6321
13.8293
15.5041
-57.6321
-54.1742
20.6721
-57.6322
-54.1742
15.5041
-57.6322
-13.8293
15.5041
-57.6321
-13.8293
20.6721
-57.6321
54.1742
9.20296e-05
-57.6321
54.1742
10.3361
-57.6321
13.8293
10.3361
-57.6321
13.8293
9.05991e-05
-57.6321
-54.1742
10.3361
-57.6322
-54.1742
9.20296e-05
-57.6322
-13.8293
9.05991e-05
-57.6321
-13.8293
10.3361
-57.6321
54.1742
15.5041
-57.6321
13.8293
15.5041
-57.6321
-54.1742
15.5041
-57.6322
-13.8293
15.5041
-57.6321
54.1742
36.1761
-57.6321
13.8293
36.176
-57.6321
-54.1742
36.1761
-57.6322
-13.8293
36.176
-57.6321
5070
2
1
0
0
3
2
3
0
26
27
26
0
28
27
0
29
28
0
30
29
0
31
30
0
32
31
0
33
32
0
34
33
0
35
34
0
36
35
0
0
1
37
37
36
0
33
34
78
34
35
79
79
78
34
35
36
80
80
79
35
36
37
81
81
80
36
38
37
1
37
38
82
82
81
37
80
81
125
81
82
126
126
125
81
79
80
124
125
124
80
78
79
123
124
123
79
123
124
168
124
125
169
169
168
124
125
126
170
170
169
125
127
126
82
126
127
171
171
170
126
169
170
214
170
171
215
215
214
170
168
169
213
214
213
169
213
214
258
214
215
259
259
258
214
216
215
171
215
216
260
260
259
215
172
171
127
171
172
216
217
216
172
216
217
261
261
260
216
259
260
304
260
261
305
305
304
260
258
259
303
304
303
259
303
304
348
304
305
349
349
348
304
306
305
261
305
306
350
350
349
305
262
261
217
261
262
306
307
306
262
306
307
351
351
350
306
349
350
394
350
351
395
395
394
350
348
349
393
394
393
349
393
394
438
394
395
439
439
438
394
396
395
351
395
396
440
440
439
395
352
351
307
351
352
396
397
396
352
396
397
441
441
440
396
440
484
483
483
439
440
484
440
441
439
483
482
482
438
439
438
482
481
437
481
480
481
437
438
392
393
437
437
436
392
438
437
393
480
436
437
436
480
479
391
392
436
436
435
391
479
435
436
347
348
392
392
391
347
393
392
348
346
347
391
391
390
346
390
391
435
435
434
390
435
479
478
478
434
435
345
346
390
390
389
345
389
390
434
301
302
346
346
345
301
347
346
302
300
301
345
345
344
300
344
345
389
389
388
344
388
389
433
434
433
389
299
300
344
344
343
299
343
344
388
255
256
300
300
299
255
301
300
256
254
255
299
299
298
254
298
299
343
343
342
298
342
343
387
388
387
343
253
254
298
298
297
253
297
298
342
209
210
254
254
253
209
255
254
210
208
209
253
253
252
208
252
253
297
297
296
252
296
297
341
342
341
297
207
208
252
252
251
207
251
252
296
163
164
208
208
207
163
209
208
164
162
163
207
207
206
162
206
207
251
251
250
206
250
251
295
296
295
251
161
162
206
206
205
161
205
206
250
117
118
162
162
161
117
163
162
118
116
117
161
161
160
116
160
161
205
205
204
160
204
205
249
250
249
205
115
116
160
160
159
115
159
160
204
71
72
116
116
115
71
117
116
72
70
71
115
115
114
70
114
115
159
159
158
114
158
159
203
204
203
159
69
70
114
114
113
69
113
114
158
25
26
70
70
69
25
71
70
26
24
25
69
69
68
24
68
69
113
113
112
68
112
113
157
158
157
113
23
24
68
68
67
23
67
68
112
24
23
3
25
24
3
26
25
3
26
27
71
27
28
72
72
71
27
28
29
73
73
72
28
72
73
117
74
73
29
73
74
118
118
117
73
29
30
74
75
74
30
74
75
119
119
118
74
118
119
163
120
119
75
119
120
164
164
163
119
30
31
75
76
75
31
75
76
120
121
120
76
120
121
165
165
164
120
164
165
209
166
165
121
165
166
210
210
209
165
76
77
121
122
121
77
121
122
166
31
32
76
77
76
32
32
33
77
78
77
33
77
78
122
123
122
78
122
123
167
167
166
122
168
167
123
166
167
211
167
168
212
212
211
167
213
212
168
211
212
256
212
213
257
257
256
212
211
210
166
210
211
255
256
255
211
256
257
301
258
257
213
257
258
302
302
301
257
303
302
258
302
303
347
348
347
303
2
3
15
16
15
3
17
16
3
18
17
3
19
18
3
20
19
3
21
20
3
22
21
3
23
22
3
17
18
62
18
19
63
63
62
18
19
20
64
64
63
19
20
21
65
65
64
20
21
22
66
66
65
21
22
23
67
67
66
22
65
66
110
66
67
111
111
110
66
64
65
109
110
109
65
63
64
108
109
108
64
108
109
153
109
110
154
154
153
109
110
111
155
155
154
110
112
111
67
111
112
156
156
155
111
154
155
199
155
156
200
200
199
155
153
154
198
199
198
154
198
199
243
199
200
244
244
243
199
201
200
156
200
201
245
245
244
200
157
156
112
156
157
201
202
201
157
201
202
246
246
245
201
244
245
289
245
246
290
290
289
245
243
244
288
289
288
244
288
289
333
289
290
334
334
333
289
291
290
246
290
291
335
335
334
290
247
246
202
246
247
291
292
291
247
291
292
336
336
335
291
334
335
379
335
336
380
380
379
335
333
334
378
379
378
334
378
379
423
379
380
424
424
423
379
381
380
336
380
381
425
425
424
380
337
336
292
336
337
381
382
381
337
381
382
426
426
425
381
425
469
468
468
424
425
469
425
426
424
468
467
467
423
424
423
467
466
422
466
465
466
422
423
377
378
422
422
421
377
423
422
378
465
421
422
421
465
464
376
377
421
421
420
376
464
420
421
332
333
377
377
376
332
378
377
333
331
332
376
376
375
331
375
376
420
420
419
375
420
464
463
463
419
420
330
331
375
375
374
330
374
375
419
286
287
331
331
330
286
332
331
287
285
286
330
330
329
285
329
330
374
374
373
329
373
374
418
419
418
374
284
285
329
329
328
284
328
329
373
240
241
285
285
284
240
286
285
241
239
240
284
284
283
239
283
284
328
328
327
283
327
328
372
373
372
328
238
239
283
283
282
238
282
283
327
194
195
239
239
238
194
240
239
195
193
194
238
238
237
193
237
238
282
282
281
237
281
282
326
327
326
282
192
193
237
237
236
192
236
237
281
148
149
193
193
192
148
194
193
149
147
148
192
192
191
147
191
192
236
236
235
191
235
236
280
281
280
236
146
147
191
191
190
146
190
191
235
102
103
147
147
146
102
148
147
103
101
102
146
146
145
101
145
146
190
190
189
145
189
190
234
235
234
190
100
101
145
145
144
100
144
145
189
56
57
101
101
100
56
102
101
57
55
56
100
100
99
55
99
100
144
144
143
99
143
144
188
189
188
144
54
55
99
99
98
54
98
99
143
10
11
55
55
54
10
56
55
11
9
10
54
54
53
9
53
54
98
98
97
53
97
98
142
143
142
98
8
9
53
53
52
8
52
53
97
9
8
2
10
9
2
11
10
2
12
11
2
11
12
56
13
12
2
12
13
57
57
56
12
14
13
2
13
14
58
58
57
13
57
58
102
59
58
14
58
59
103
103
102
58
15
14
2
14
15
59
60
59
15
59
60
104
104
103
59
103
104
148
105
104
60
104
105
149
149
148
104
15
16
60
61
60
16
60
61
105
106
105
61
105
106
150
150
149
105
149
150
194
151
150
106
150
151
195
195
194
150
61
62
106
107
106
62
106
107
151
16
17
61
62
61
17
62
63
107
108
107
63
107
108
152
152
151
107
151
152
196
196
195
151
195
196
240
197
196
152
196
197
241
241
240
196
153
152
108
152
153
197
198
197
153
197
198
242
242
241
197
241
242
286
243
242
198
242
243
287
287
286
242
288
287
243
287
288
332
333
332
288
5
4
2
6
5
2
7
6
2
8
7
2
1
2
4
5
6
50
6
7
51
51
50
6
7
8
52
52
51
7
50
51
95
51
52
96
96
95
51
50
48
5
48
50
94
95
94
50
94
95
139
95
96
140
140
139
95
97
96
52
96
97
141
141
140
96
139
140
184
140
141
185
185
184
140
139
138
94
138
139
183
184
183
139
183
184
228
184
185
229
229
228
184
186
185
141
185
186
230
230
229
185
228
229
273
229
230
274
274
273
229
228
227
183
227
228
272
273
272
228
272
273
317
273
274
318
318
317
273
275
274
230
274
275
319
319
318
274
317
318
362
318
319
363
363
362
318
317
316
272
316
317
361
362
361
317
361
362
406
362
363
407
407
406
362
364
363
319
363
364
408
408
407
363
407
451
450
450
406
407
451
407
408
406
405
361
406
450
449
449
405
406
360
361
405
405
404
360
405
449
448
448
404
405
315
316
360
360
359
315
361
360
316
359
360
404
404
403
359
404
448
447
447
403
404
314
315
359
359
358
314
358
359
403
403
402
358
403
447
446
446
402
403
312
314
358
358
356
312
356
358
402
268
270
314
314
312
268
315
314
270
269
268
312
312
313
269
313
312
356
356
357
313
357
356
400
402
400
356
311
269
313
313
355
311
355
313
357
268
269
225
267
225
269
269
311
267
266
267
311
311
310
266
310
311
355
355
354
310
354
355
399
357
399
355
265
266
310
310
309
265
309
310
354
221
222
266
266
265
221
267
266
222
220
221
265
265
264
220
264
265
309
309
308
264
308
309
353
354
353
309
219
220
264
264
263
219
263
264
308
175
176
220
220
219
175
221
220
176
174
175
219
219
218
174
218
219
263
263
262
218
262
263
307
308
307
263
173
174
218
218
217
173
217
218
262
129
130
174
174
173
129
175
174
130
128
129
173
173
172
128
172
173
217
84
85
129
129
128
84
130
129
85
85
86
130
131
130
86
130
131
175
40
41
85
85
84
40
86
85
41
41
42
86
87
86
42
86
87
131
132
131
87
131
132
176
176
175
131
42
43
87
88
87
43
87
88
132
42
41
1
43
42
1
41
40
1
40
39
1
39
40
84
39
38
1
38
39
83
84
83
39
83
84
128
83
82
38
82
83
127
128
127
83
127
128
172
44
43
1
45
44
1
46
45
1
47
46
1
4
47
1
43
44
88
44
45
89
89
88
44
45
46
90
90
89
45
46
47
91
91
90
46
47
4
49
49
91
47
4
5
48
48
49
4
49
48
92
92
93
49
91
49
93
90
91
135
93
135
91
89
90
134
135
134
90
134
135
179
135
93
137
137
179
135
93
92
136
136
137
93
137
136
180
180
181
137
179
137
181
179
178
134
178
179
223
181
223
179
134
133
89
133
134
178
178
177
133
177
178
222
223
222
178
222
223
267
223
181
225
225
267
223
222
221
177
132
133
177
177
176
132
176
177
221
133
132
88
88
89
133
224
225
181
225
224
268
181
180
224
226
224
180
224
226
270
270
268
224
182
180
136
180
182
226
227
226
182
226
227
271
271
270
226
270
271
315
272
271
227
271
272
316
316
315
271
182
183
227
136
138
182
183
182
138
138
136
92
92
94
138
94
92
48
307
308
352
353
352
308
352
353
397
353
354
398
398
397
353
397
398
442
442
441
397
399
398
354
398
399
443
443
442
398
442
486
485
485
441
442
486
442
443
441
485
484
401
443
399
443
487
486
487
443
401
399
357
401
400
401
357
444
401
400
401
444
487
400
445
444
445
400
402
402
446
445
409
408
364
408
452
451
452
408
409
319
320
364
365
364
320
364
365
409
320
319
275
275
276
320
321
320
276
320
321
365
366
365
321
365
366
410
410
409
365
276
277
321
322
321
277
321
322
366
367
366
322
366
367
411
411
410
366
410
454
453
453
409
410
454
410
411
409
453
452
412
411
367
411
455
454
455
411
412
367
368
412
413
412
368
412
456
455
456
412
413
323
324
368
368
367
323
369
368
324
368
369
413
414
413
369
413
457
456
457
413
414
324
325
369
370
369
325
369
370
414
279
280
324
324
323
279
325
324
280
280
281
325
326
325
281
325
326
370
371
370
326
370
371
415
415
414
370
326
327
371
372
371
327
371
372
416
416
415
371
415
459
458
458
414
415
459
415
416
417
416
372
416
460
459
460
416
417
372
373
417
418
417
373
417
461
460
461
417
418
418
462
461
462
418
419
419
463
462
414
458
457
280
279
235
234
235
279
279
278
234
278
279
323
234
233
189
233
234
278
278
277
233
277
278
322
323
322
278
322
323
367
232
233
277
277
276
232
188
189
233
233
232
188
187
188
232
232
231
187
231
232
276
276
275
231
186
187
231
231
230
186
230
231
275
142
143
187
187
186
142
188
187
143
141
142
186
142
141
97
427
426
382
426
470
469
470
426
427
337
338
382
383
382
338
382
383
427
292
293
337
338
337
293
293
294
338
339
338
294
338
339
383
384
383
339
383
384
428
428
427
383
294
295
339
340
339
295
339
340
384
385
384
340
384
385
429
429
428
384
428
472
471
471
427
428
472
428
429
427
471
470
430
429
385
429
473
472
473
429
430
385
386
430
431
430
386
430
474
473
474
430
431
341
342
386
386
385
341
387
386
342
386
387
431
432
431
387
431
475
474
475
431
432
387
388
432
433
432
388
432
476
475
476
432
433
433
477
476
477
433
434
434
478
477
341
340
296
340
341
385
295
296
340
295
294
250
249
250
294
294
293
249
249
248
204
248
249
293
293
292
248
203
204
248
248
247
203
247
248
292
203
202
158
202
203
247
157
158
202
490
489
488
488
491
490
492
488
489
1049
489
490
490
1050
1049
489
493
492
1051
493
489
489
1049
1051
494
492
493
493
495
494
1052
495
493
493
1051
1052
496
494
495
495
497
496
1053
497
495
495
1052
1053
498
496
497
497
499
498
1054
499
497
497
1053
1054
500
498
499
499
501
500
1055
501
499
499
1054
1055
502
500
501
501
503
502
1056
503
501
501
1055
1056
504
502
503
503
505
504
1057
505
503
503
1056
1057
506
504
505
505
507
506
1058
507
505
505
1057
1058
508
506
507
507
509
508
1059
509
507
507
1058
1059
512
511
510
510
513
512
1060
511
512
512
1061
1060
516
515
514
514
517
516
518
514
515
1062
515
516
516
1063
1062
515
519
518
1064
519
515
515
1062
1064
520
518
519
519
521
520
1065
521
519
519
1064
1065
522
520
521
521
523
522
1066
523
521
521
1065
1066
524
522
523
523
525
524
1067
525
523
523
1066
1067
526
524
525
525
527
526
1068
527
525
525
1067
1068
528
526
527
527
529
528
1069
529
527
527
1068
1069
530
528
529
529
531
530
1070
531
529
529
1069
1070
532
530
531
531
533
532
1071
533
531
531
1070
1071
534
532
533
533
535
534
1072
535
533
533
1071
1072
538
537
536
536
539
538
1073
537
538
538
1074
1073
542
541
540
540
543
542
544
540
541
1075
541
542
542
1076
1075
541
545
544
1077
545
541
541
1075
1077
546
544
545
545
547
546
1078
547
545
545
1077
1078
548
546
547
547
549
548
1079
549
547
547
1078
1079
550
548
549
549
551
550
1080
551
549
549
1079
1080
552
550
551
551
553
552
1081
553
551
551
1080
1081
554
552
553
553
555
554
1082
555
553
553
1081
1082
556
554
555
555
557
556
1083
557
555
555
1082
1083
558
556
557
557
559
558
1084
559
557
557
1083
1084
560
558
559
559
561
560
1085
561
559
559
1084
1085
564
563
562
562
565
564
1086
563
564
564
1087
1086
568
567
566
566
569
568
570
566
567
1088
567
568
568
1089
1088
567
571
570
1090
571
567
567
1088
1090
572
570
571
571
573
572
1091
573
571
571
1090
1091
574
572
573
573
575
574
1092
575
573
573
1091
1092
576
574
575
575
577
576
1093
577
575
575
1092
1093
578
576
577
577
579
578
1094
579
577
577
1093
1094
580
578
579
579
581
580
1095
581
579
579
1094
1095
582
580
581
581
583
582
1096
583
581
581
1095
1096
584
582
583
583
585
584
1097
585
583
583
1096
1097
586
584
585
585
587
586
1098
587
585
585
1097
1098
590
589
588
588
591
590
1099
589
590
590
1100
1099
594
593
592
592
595
594
593
594
597
597
596
593
596
597
599
599
598
596
598
599
601
601
600
598
600
601
603
603
602
600
602
603
605
605
604
602
604
605
607
607
606
604
606
607
609
609
608
606
608
609
611
611
610
608
610
611
613
613
612
610
616
615
614
614
617
616
620
619
618
618
621
620
619
620
623
623
622
619
622
623
625
625
624
622
624
625
627
627
626
624
626
627
629
629
628
626
628
629
631
631
630
628
630
631
633
633
632
630
632
633
635
635
634
632
634
635
637
637
636
634
636
637
639
639
638
636
642
641
640
640
643
642
646
645
644
644
647
646
645
646
649
649
648
645
648
649
651
651
650
648
650
651
653
653
652
650
652
653
655
655
654
652
654
655
657
657
656
654
656
657
659
659
658
656
658
659
661
661
660
658
660
661
663
663
662
660
662
663
665
665
664
662
668
667
666
666
669
668
672
671
670
670
673
672
671
672
675
675
674
671
674
675
677
677
676
674
676
677
679
679
678
676
678
679
681
681
680
678
680
681
683
683
682
680
682
683
685
685
684
682
684
685
687
687
686
684
686
687
689
689
688
686
688
689
691
691
690
688
694
693
692
694
692
695
694
695
696
694
696
697
700
699
698
698
701
700
702
698
699
1151
699
700
700
1152
1151
699
703
702
1153
703
699
699
1151
1153
704
702
703
703
705
704
1154
705
703
703
1153
1154
706
704
705
705
707
706
1155
707
705
705
1154
1155
708
706
707
707
709
708
1156
709
707
707
1155
1156
710
708
709
709
711
710
1157
711
709
709
1156
1157
712
710
711
711
713
712
1158
713
711
711
1157
1158
714
712
713
713
715
714
1159
715
713
713
1158
1159
716
714
715
715
717
716
1160
717
715
715
1159
1160
718
716
717
717
719
718
1161
719
717
717
1160
1161
722
721
720
720
723
722
1162
721
722
722
1163
1162
726
725
724
724
727
726
728
724
725
1164
725
726
726
1165
1164
725
729
728
1166
729
725
725
1164
1166
730
728
729
729
731
730
1167
731
729
729
1166
1167
732
730
731
731
733
732
1168
733
731
731
1167
1168
734
732
733
733
735
734
1169
735
733
733
1168
1169
736
734
735
735
737
736
1170
737
735
735
1169
1170
738
736
737
737
739
738
1171
739
737
737
1170
1171
740
738
739
739
741
740
1172
741
739
739
1171
1172
742
740
741
741
743
742
1173
743
741
741
1172
1173
744
742
743
743
745
744
1174
745
743
743
1173
1174
748
747
746
746
749
748
1175
747
748
748
1176
1175
752
751
750
750
753
752
754
750
751
1177
751
752
752
1178
1177
751
755
754
1179
755
751
751
1177
1179
756
754
755
755
757
756
1180
757
755
755
1179
1180
758
756
757
757
759
758
1181
759
757
757
1180
1181
760
758
759
759
761
760
1182
761
759
759
1181
1182
762
760
761
761
763
762
1183
763
761
761
1182
1183
764
762
763
763
765
764
1184
765
763
763
1183
1184
766
764
765
765
767
766
1185
767
765
765
1184
1185
768
766
767
767
769
768
1186
769
767
767
1185
1186
770
768
769
769
771
770
1187
771
769
769
1186
1187
774
773
772
772
775
774
1188
773
774
774
1189
1188
778
777
776
776
779
778
780
776
777
1190
777
778
778
1191
1190
777
781
780
1192
781
777
777
1190
1192
782
780
781
781
783
782
1193
783
781
781
1192
1193
784
782
783
783
785
784
1194
785
783
783
1193
1194
786
784
785
785
787
786
1195
787
785
785
1194
1195
788
786
787
787
789
788
1196
789
787
787
1195
1196
790
788
789
789
791
790
1197
791
789
789
1196
1197
792
790
791
791
793
792
1198
793
791
791
1197
1198
794
792
793
793
795
794
1199
795
793
793
1198
1199
796
794
795
795
797
796
1200
797
795
795
1199
1200
800
799
798
798
801
800
799
800
803
803
802
799
802
803
805
805
804
802
804
805
807
807
806
804
806
807
809
809
808
806
808
809
811
811
810
808
810
811
813
813
812
810
812
813
815
815
814
812
814
815
817
817
816
814
816
817
819
819
818
816
822
821
820
820
823
822
826
825
824
824
827
826
825
826
829
829
828
825
828
829
831
831
830
828
830
831
833
833
832
830
832
833
835
835
834
832
834
835
837
837
836
834
836
837
839
839
838
836
838
839
841
841
840
838
840
841
843
843
842
840
842
843
845
845
844
842
848
847
846
846
849
848
852
851
850
850
853
852
851
852
855
855
854
851
854
855
857
857
856
854
856
857
859
859
858
856
858
859
861
861
860
858
860
861
863
863
862
860
862
863
865
865
864
862
864
865
867
867
866
864
866
867
869
869
868
866
868
869
871
871
870
868
874
873
872
872
875
874
878
877
876
876
879
878
877
878
881
881
880
877
880
881
883
883
882
880
882
883
885
885
884
882
884
885
887
887
886
884
886
887
889
889
888
886
888
889
891
891
890
888
890
891
893
893
892
890
892
893
895
895
894
892
894
895
897
897
896
894
900
899
898
898
901
900
902
898
899
1101
899
900
900
1102
1101
899
903
902
1103
903
899
899
1101
1103
904
902
903
903
905
904
1104
905
903
903
1103
1104
906
904
905
905
907
906
1105
907
905
905
1104
1105
908
906
907
907
909
908
1106
909
907
907
1105
1106
910
908
909
909
911
910
1107
911
909
909
1106
1107
912
910
911
911
913
912
1108
913
911
911
1107
1108
914
912
913
913
915
914
1109
915
913
913
1108
1109
916
914
915
915
917
916
1110
917
915
915
1109
1110
918
916
917
917
919
918
1111
919
917
917
1110
1111
922
921
920
920
923
922
1112
921
922
922
1113
1112
926
925
924
924
927
926
928
924
925
1114
925
926
926
1115
1114
925
929
928
1116
929
925
925
1114
1116
930
928
929
929
931
930
1117
931
929
929
1116
1117
932
930
931
931
933
932
1118
933
931
931
1117
1118
934
932
933
933
935
934
1119
935
933
933
1118
1119
936
934
935
935
937
936
1120
937
935
935
1119
1120
938
936
937
937
939
938
1121
939
937
937
1120
1121
940
938
939
939
941
940
1122
941
939
939
1121
1122
942
940
941
941
943
942
1123
943
941
941
1122
1123
944
942
943
943
945
944
1124
945
943
943
1123
1124
948
947
946
946
949
948
1125
947
948
948
1126
1125
952
951
950
950
953
952
954
950
951
1127
951
952
952
1128
1127
951
955
954
1129
955
951
951
1127
1129
956
954
955
955
957
956
1130
957
955
955
1129
1130
958
956
957
957
959
958
1131
959
957
957
1130
1131
960
958
959
959
961
960
1132
961
959
959
1131
1132
962
960
961
961
963
962
1133
963
961
961
1132
1133
964
962
963
963
965
964
1134
965
963
963
1133
1134
966
964
965
965
967
966
1135
967
965
965
1134
1135
968
966
967
967
969
968
1136
969
967
967
1135
1136
970
968
969
969
971
970
1137
971
969
969
1136
1137
974
973
972
972
975
974
1138
973
974
974
1139
1138
978
977
976
976
979
978
980
976
977
1140
977
978
978
1141
1140
977
981
980
1142
981
977
977
1140
1142
982
980
981
981
983
982
1143
983
981
981
1142
1143
984
982
983
983
985
984
1144
985
983
983
1143
1144
986
984
985
985
987
986
1145
987
985
985
1144
1145
988
986
987
987
989
988
1146
989
987
987
1145
1146
990
988
989
989
991
990
1147
991
989
989
1146
1147
992
990
991
991
993
992
1148
993
991
991
1147
1148
994
992
993
993
995
994
1149
995
993
993
1148
1149
996
994
995
995
997
996
1150
997
995
995
1149
1150
1000
999
998
1040
1000
998
1002
1001
1000
1004
1002
1000
1040
1004
1000
1040
1039
1038
1040
1038
1036
1040
1036
1004
1040
1048
1047
1038
1037
1036
1036
1035
1034
1036
1034
1032
1036
1032
1028
1036
1028
1020
1036
1020
1004
1034
1033
1032
1032
1031
1030
1032
1030
1028
1030
1029
1028
1028
1027
1026
1028
1026
1024
1028
1024
1020
1026
1025
1024
1024
1023
1022
1024
1022
1020
1022
1021
1020
1020
1019
1018
1020
1018
1016
1020
1016
1012
1020
1012
1004
1018
1017
1016
1016
1015
1014
1016
1014
1012
1014
1013
1012
1012
1011
1010
1012
1010
1008
1012
1008
1004
1010
1009
1008
1008
1007
1006
1008
1006
1004
1006
1005
1004
1004
1003
1002
1043
1042
1041
1046
1045
1044
1203
1202
1201
1201
1204
1203
1202
1203
1230
1230
1229
1202
1207
1206
1205
1205
1208
1207
1208
1205
1231
1231
1232
1208
1211
1210
1209
1209
1212
1211
1215
1214
1213
1213
1216
1215
1219
1218
1217
1217
1220
1219
1218
1219
1226
1226
1225
1218
1223
1222
1221
1221
1224
1223
1224
1221
1227
1227
1228
1224
