1208
149.305
133.215
-149.305
149.305
133.215
149.305
-149.305
133.215
149.305
-149.305
133.215
-149.305
-149.305
133.098
150.796
-149.539
133.098
150.778
-149.766
133.098
150.723
-149.982
133.098
150.634
-150.182
133.098
150.512
-150.36
133.098
150.36
-150.512
133.098
150.182
-150.634
133.098
149.982
-150.723
133.098
149.766
-150.778
133.098
149.539
-150.796
133.098
149.305
-150.796
133.098
-149.305
-150.778
133.098
-149.539
-150.723
133.098
-149.766
-150.634
133.098
-149.982
-150.512
133.098
-150.182
-150.36
133.098
-150.36
-150.182
133.098
-150.512
-149.982
133.098
-150.634
-149.766
133.098
-150.723
-149.539
133.098
-150.778
-149.305
133.098
-150.796
149.305
133.098
-150.796
149.539
133.098
-150.778
149.766
133.098
-150.723
149.982
133.098
-150.634
150.182
133.098
-150.512
150.36
133.098
-150.36
150.512
133.098
-150.182
150.634
133.098
-149.982
150.723
133.098
-149.766
150.778
133.098
-149.539
150.796
133.098
-149.305
150.796
133.098
149.305
150.778
133.098
149.539
150.723
133.098
149.766
150.634
133.098
149.982
150.512
133.098
150.182
150.36
133.098
150.36
150.182
133.098
150.512
149.982
133.098
150.634
149.766
133.098
150.723
149.539
133.098
150.778
149.305
133.098
150.796
-149.766
132.749
152.214
-149.305
132.749
152.25
-150.215
132.749
152.106
-150.642
132.749
151.929
-151.036
132.749
151.688
-151.388
132.749
151.388
-151.688
132.749
151.036
-151.929
132.749
150.642
-152.106
132.749
150.215
-152.214
132.749
149.766
-152.25
132.749
149.305
-152.25
132.749
-149.305
-152.214
132.749
-149.766
-152.106
132.749
-150.215
-151.929
132.749
-150.642
-151.688
132.749
-151.036
-151.388
132.749
-151.388
-151.036
132.749
-151.688
-150.642
132.749
-151.929
-150.215
132.749
-152.106
-149.766
132.749
-152.214
-149.305
132.749
-152.25
149.305
132.749
-152.25
149.766
132.749
-152.214
150.215
132.749
-152.106
150.642
132.749
-151.929
151.036
132.749
-151.688
151.388
132.749
-151.388
151.688
132.749
-151.036
151.929
132.749
-150.642
152.106
132.749
-150.215
152.214
132.749
-149.766
152.25
132.749
-149.305
152.25
132.749
149.305
152.214
132.749
149.766
152.106
132.749
150.215
151.929
132.749
150.642
151.688
132.749
151.036
151.388
132.749
151.388
151.036
132.749
151.688
150.642
132.749
151.929
150.215
132.749
152.106
149.766
132.749
152.214
149.305
132.749
152.25
-149.982
132.178
153.579
-149.305
132.178
153.632
-150.642
132.178
153.42
-151.27
132.178
153.16
-151.849
132.178
152.806
-152.365
132.178
152.365
-152.806
132.178
151.849
-153.16
132.178
151.27
-153.42
132.178
150.642
-153.579
132.178
149.982
-153.632
132.178
149.305
-153.632
132.178
-149.305
-153.579
132.178
-149.982
-153.42
132.178
-150.642
-153.16
132.178
-151.27
-152.806
132.178
-151.849
-152.365
132.178
-152.365
-151.849
132.178
-152.806
-151.27
132.178
-153.16
-150.642
132.178
-153.42
-149.982
132.178
-153.579
-149.305
132.178
-153.632
149.305
132.178
-153.632
149.982
132.178
-153.579
150.642
132.178
-153.42
151.27
132.178
-153.16
151.849
132.178
-152.806
152.365
132.178
-152.365
152.806
132.178
-151.849
153.16
132.178
-151.27
153.42
132.178
-150.642
153.579
132.178
-149.982
153.632
132.178
-149.305
153.632
132.178
149.305
153.579
132.178
149.982
153.42
132.178
150.642
153.16
132.178
151.27
152.806
132.178
151.849
152.365
132.178
152.365
151.849
132.178
152.806
151.27
132.178
153.16
150.642
132.178
153.42
149.982
132.178
153.579
149.305
132.178
153.632
-150.182
131.397
154.838
-149.305
131.397
154.907
-151.036
131.397
154.633
-151.849
131.397
154.297
-152.598
131.397
153.837
-153.266
131.397
153.266
-153.837
131.397
152.598
-154.297
131.397
151.849
-154.633
131.397
151.036
-154.838
131.397
150.182
-154.907
131.397
149.305
-154.907
131.397
-149.305
-154.838
131.397
-150.182
-154.633
131.397
-151.036
-154.297
131.397
-151.849
-153.837
131.397
-152.598
-153.266
131.397
-153.266
-152.598
131.397
-153.837
-151.849
131.397
-154.297
-151.036
131.397
-154.633
-150.182
131.397
-154.838
-149.305
131.397
-154.907
149.305
131.397
-154.907
150.182
131.397
-154.838
151.036
131.397
-154.633
151.849
131.397
-154.297
152.598
131.397
-153.837
153.266
131.397
-153.266
153.837
131.397
-152.598
154.297
131.397
-151.849
154.633
131.397
-151.036
154.838
131.397
-150.182
154.907
131.397
-149.305
154.907
131.397
149.305
154.838
131.397
150.182
154.633
131.397
151.036
154.297
131.397
151.849
153.837
131.397
152.598
153.266
131.397
153.266
152.598
131.397
153.837
151.849
131.397
154.297
151.036
131.397
154.633
150.182
131.397
154.838
149.305
131.397
154.907
-150.36
130.428
155.961
-149.305
130.428
156.044
-151.388
130.428
155.714
-152.365
130.428
155.31
-153.266
130.428
154.757
-154.07
130.428
154.07
-154.757
130.428
153.266
-155.31
130.428
152.365
-155.714
130.428
151.388
-155.961
130.428
150.36
-156.044
130.428
149.305
-156.044
130.428
-149.305
-155.961
130.428
-150.36
-155.714
130.428
-151.388
-155.31
130.428
-152.365
-154.757
130.428
-153.266
-154.07
130.428
-154.07
-153.266
130.428
-154.757
-152.365
130.428
-155.31
-151.388
130.428
-155.714
-150.36
130.428
-155.961
-149.305
130.428
-156.044
149.305
130.428
-156.044
150.36
130.428
-155.961
151.388
130.428
-155.714
152.365
130.428
-155.31
153.266
130.428
-154.757
154.07
130.428
-154.07
154.757
130.428
-153.266
155.31
130.428
-152.365
155.714
130.428
-151.388
155.961
130.428
-150.36
156.044
130.428
-149.305
156.044
130.428
149.305
155.961
130.428
150.36
155.714
130.428
151.388
155.31
130.428
152.365
154.757
130.428
153.266
154.07
130.428
154.07
153.266
130.428
154.757
152.365
130.428
155.31
151.388
130.428
155.714
150.36
130.428
155.961
149.305
130.428
156.044
-150.512
129.292
156.921
-149.305
129.292
157.015
-151.688
129.292
156.638
-152.806
129.292
156.175
-153.837
129.292
155.543
-154.757
129.292
154.757
-155.543
129.292
153.837
-156.175
129.292
152.806
-156.638
129.292
151.688
-156.921
129.292
150.512
-157.015
129.292
149.305
-157.015
129.292
-149.305
-156.921
129.292
-150.512
-156.638
129.292
-151.688
-156.175
129.292
-152.806
-155.543
129.292
-153.837
-154.757
129.292
-154.757
-153.837
129.292
-155.543
-152.806
129.292
-156.175
-151.688
129.292
-156.638
-150.512
129.292
-156.921
-149.305
129.292
-157.015
149.305
129.292
-157.015
150.512
129.292
-156.921
151.688
129.292
-156.638
152.806
129.292
-156.175
153.837
129.292
-155.543
154.757
129.292
-154.757
155.543
129.292
-153.837
156.175
129.292
-152.806
156.638
129.292
-151.688
156.921
129.292
-150.512
157.015
129.292
-149.305
157.015
129.292
149.305
156.921
129.292
150.512
156.638
129.292
151.688
156.175
129.292
152.806
155.543
129.292
153.837
154.757
129.292
154.757
153.837
129.292
155.543
152.806
129.292
156.175
151.688
129.292
156.638
150.512
129.292
156.921
149.305
129.292
157.015
-150.634
128.019
157.692
-149.305
128.019
157.797
-151.929
128.019
157.381
-153.16
128.019
156.871
-154.297
128.019
156.175
-155.31
128.019
155.31
-156.175
128.019
154.297
-156.871
128.019
153.16
-157.381
128.019
151.929
-157.692
128.019
150.634
-157.797
128.019
149.305
-157.797
128.019
-149.305
-157.692
128.019
-150.634
-157.381
128.019
-151.929
-156.871
128.019
-153.16
-156.175
128.019
-154.297
-155.31
128.019
-155.31
-154.297
128.019
-156.175
-153.16
128.019
-156.871
-151.929
128.019
-157.381
-150.634
128.019
-157.692
-149.305
128.019
-157.797
149.305
128.019
-157.797
150.634
128.019
-157.692
151.929
128.019
-157.381
153.16
128.019
-156.871
154.297
128.019
-156.175
155.31
128.019
-155.31
156.175
128.019
-154.297
156.871
128.019
-153.16
157.381
128.019
-151.929
157.692
128.019
-150.634
157.797
128.019
-149.305
157.797
128.019
149.305
157.692
128.019
150.634
157.381
128.019
151.929
156.871
128.019
153.16
156.175
128.019
154.297
155.31
128.019
155.31
154.297
128.019
156.175
153.16
128.019
156.871
151.929
128.019
157.381
150.634
128.019
157.692
149.305
128.019
157.797
-150.723
126.64
158.258
-149.305
126.64
158.369
-152.106
126.64
157.926
-153.42
126.64
157.381
-154.633
126.64
156.638
-155.714
126.64
155.714
-156.638
126.64
154.633
-157.381
126.64
153.42
-157.926
126.64
152.106
-158.258
126.64
150.723
-158.369
126.64
149.305
-158.369
126.64
-149.305
-158.258
126.64
-150.723
-157.926
126.64
-152.106
-157.381
126.64
-153.42
-156.638
126.64
-154.633
-155.714
126.64
-155.714
-154.633
126.64
-156.638
-153.42
126.64
-157.381
-152.106
126.64
-157.926
-150.723
126.64
-158.258
-149.305
126.64
-158.369
149.305
126.64
-158.369
150.723
126.64
-158.258
152.106
126.64
-157.926
153.42
126.64
-157.381
154.633
126.64
-156.638
155.714
126.64
-155.714
156.638
126.64
-154.633
157.381
126.64
-153.42
157.926
126.64
-152.106
158.258
126.64
-150.723
158.369
126.64
-149.305
158.369
126.64
149.305
158.258
126.64
150.723
157.926
126.64
152.106
157.381
126.64
153.42
156.638
126.64
154.633
155.714
126.64
155.714
154.633
126.64
156.638
153.42
126.64
157.381
152.106
126.64
157.926
150.723
126.64
158.258
149.305
126.64
158.369
-150.778
125.188
158.602
-149.305
125.188
158.718
-152.214
125.188
158.258
-153.579
125.188
157.692
-154.838
125.188
156.921
-155.961
125.188
155.961
-156.921
125.188
154.838
-157.692
125.188
153.579
-158.258
125.188
152.214
-158.602
125.188
150.778
-158.718
125.188
149.305
-158.718
125.188
-149.305
-158.602
125.188
-150.778
-158.258
125.188
-152.214
-157.692
125.188
-153.579
-156.921
125.188
-154.838
-155.961
125.188
-155.961
-154.838
125.188
-156.921
-153.579
125.188
-157.692
-152.214
125.188
-158.258
-150.778
125.188
-158.602
-149.305
125.188
-158.718
149.305
125.188
-158.718
150.778
125.188
-158.602
152.214
125.188
-158.258
153.579
125.188
-157.692
154.838
125.188
-156.921
155.961
125.188
-155.961
156.921
125.188
-154.838
157.692
125.188
-153.579
158.258
125.188
-152.214
158.602
125.188
-150.778
158.718
125.188
-149.305
158.718
125.188
149.305
158.602
125.188
150.778
158.258
125.188
152.214
157.692
125.188
153.579
156.921
125.188
154.838
155.961
125.188
155.961
154.838
125.188
156.921
153.579
125.188
157.692
152.214
125.188
158.258
150.778
125.188
158.602
149.305
125.188
158.718
-150.796
123.699
158.718
-149.305
123.699
158.836
-152.25
123.699
158.369
-153.632
123.699
157.797
-154.907
123.699
157.015
-156.044
123.699
156.044
-157.015
123.699
154.907
-157.797
123.699
153.632
-158.369
123.699
152.25
-158.718
123.699
150.796
-158.836
123.699
149.305
-158.836
123.699
-149.305
-158.718
123.699
-150.796
-158.369
123.699
-152.25
-157.797
123.699
-153.632
-157.015
123.699
-154.907
-156.044
123.699
-156.044
-154.907
123.699
-157.015
-153.632
123.699
-157.797
-152.25
123.699
-158.369
-150.796
123.699
-158.718
-149.305
123.699
-158.836
149.305
123.699
-158.836
150.796
123.699
-158.718
152.25
123.699
-158.369
153.632
123.699
-157.797
154.907
123.699
-157.015
156.044
123.699
-156.044
157.015
123.699
-154.907
157.797
123.699
-153.632
158.369
123.699
-152.25
158.718
123.699
-150.796
158.836
123.699
-149.305
158.836
123.699
149.305
158.718
123.699
150.796
158.369
123.699
152.25
157.797
123.699
153.632
157.015
123.699
154.907
156.044
123.699
156.044
154.907
123.699
157.015
153.632
123.699
157.797
152.25
123.699
158.369
150.796
123.699
158.718
149.305
123.699
158.836
-149.305
113.391
158.836
-150.796
113.391
158.718
-152.25
113.391
158.369
-153.632
113.391
157.797
-154.907
113.391
157.015
-156.044
113.391
156.044
-157.015
113.391
154.907
-157.797
113.391
153.632
-158.369
113.391
152.25
-158.718
113.391
150.796
-158.836
113.391
149.305
-158.836
113.391
-149.305
-158.718
113.391
-150.796
-158.369
113.391
-152.25
-157.797
113.391
-153.632
-157.015
113.391
-154.907
-156.044
113.391
-156.044
-154.907
113.391
-157.015
-153.632
113.391
-157.797
-152.25
113.391
-158.369
-150.796
113.391
-158.718
-149.305
113.391
-158.836
149.305
113.391
-158.836
150.796
113.391
-158.718
152.25
113.391
-158.369
153.632
113.391
-157.797
154.907
113.391
-157.015
156.044
113.391
-156.044
157.015
113.391
-154.907
157.797
113.391
-153.632
158.369
113.391
-152.25
158.718
113.391
-150.796
158.836
113.391
-149.305
158.836
113.391
149.305
158.718
113.391
150.796
158.369
113.391
152.25
157.797
113.391
153.632
157.015
113.391
154.907
156.044
113.391
156.044
154.907
113.391
157.015
153.632
113.391
157.797
152.25
113.391
158.369
150.796
113.391
158.718
149.305
113.391
158.836
-150.796
82.4663
158.718
-150.796
103.083
158.718
-149.305
103.083
158.836
-149.305
82.4663
158.836
-152.25
82.4663
158.369
-152.25
103.083
158.369
-153.632
82.4663
157.797
-153.632
103.083
157.797
-154.907
82.4663
157.015
-154.907
103.083
157.015
-156.044
82.4663
156.044
-156.044
103.083
156.044
-157.015
82.4663
154.907
-157.015
103.083
154.907
-157.797
82.4663
153.632
-157.797
103.083
153.632
-158.369
82.4663
152.25
-158.369
103.083
152.25
-158.718
82.4663
150.796
-158.718
103.083
150.796
-158.836
82.4663
149.305
-158.836
103.083
149.305
-158.836
82.4663
-149.305
-158.836
103.083
-149.305
-158.836
103.083
149.305
-158.836
82.4663
149.305
-158.718
82.4663
-150.796
-158.718
103.083
-150.796
-158.836
103.083
-149.305
-158.836
82.4663
-149.305
-158.369
82.4663
-152.25
-158.369
103.083
-152.25
-157.797
82.4663
-153.632
-157.797
103.083
-153.632
-157.015
82.4663
-154.907
-157.015
103.083
-154.907
-156.044
82.4663
-156.044
-156.044
103.083
-156.044
-154.907
82.4663
-157.015
-154.907
103.083
-157.015
-153.632
82.4663
-157.797
-153.632
103.083
-157.797
-152.25
82.4663
-158.369
-152.25
103.083
-158.369
-150.796
82.4663
-158.718
-150.796
103.083
-158.718
-149.305
82.4663
-158.836
-149.305
103.083
-158.836
149.305
82.4663
-158.836
149.305
103.083
-158.836
-149.305
103.083
-158.836
-149.305
82.4663
-158.836
150.796
82.4663
-158.718
150.796
103.083
-158.718
149.305
103.083
-158.836
149.305
82.4663
-158.836
152.25
82.4663
-158.369
152.25
103.083
-158.369
153.632
82.4663
-157.797
153.632
103.083
-157.797
154.907
82.4663
-157.015
154.907
103.083
-157.015
156.044
82.4663
-156.044
156.044
103.083
-156.044
157.015
82.4663
-154.907
157.015
103.083
-154.907
157.797
82.4663
-153.632
157.797
103.083
-153.632
158.369
82.4663
-152.25
158.369
103.083
-152.25
158.718
82.4663
-150.796
158.718
103.083
-150.796
158.836
82.4663
-149.305
158.836
103.083
-149.305
158.836
82.4663
149.305
158.836
103.083
149.305
158.836
103.083
-149.305
158.836
82.4663
-149.305
158.718
82.4663
150.796
158.718
103.083
150.796
158.836
103.083
149.305
158.836
82.4663
149.305
158.369
82.4663
152.25
158.369
103.083
152.25
157.797
82.4663
153.632
157.797
103.083
153.632
157.015
82.4663
154.907
157.015
103.083
154.907
156.044
82.4663
156.044
156.044
103.083
156.044
154.907
82.4663
157.015
154.907
103.083
157.015
153.632
82.4663
157.797
153.632
103.083
157.797
152.25
82.4663
158.369
152.25
103.083
158.369
150.796
82.4663
158.718
150.796
103.083
158.718
149.305
82.4663
158.836
149.305
103.083
158.836
-149.305
82.4663
158.836
-149.305
103.083
158.836
149.305
103.083
158.836
149.305
82.4663
158.836
-149.305
72.158
158.836
-150.796
72.158
158.718
-150.796
82.4663
158.718
-149.305
82.4663
158.836
-152.25
72.158
158.369
-152.25
82.4663
158.369
-153.632
72.158
157.797
-153.632
82.4663
157.797
-154.907
72.158
157.015
-154.907
82.4663
157.015
-156.044
72.158
156.044
-156.044
82.4663
156.044
-157.015
72.158
154.907
-157.015
82.4663
154.907
-157.797
72.158
153.632
-157.797
82.4663
153.632
-158.369
72.158
152.25
-158.369
82.4663
152.25
-158.718
72.158
150.796
-158.718
82.4663
150.796
-158.836
72.158
149.305
-158.836
82.4663
149.305
-158.836
72.158
149.305
-158.836
72.158
-149.305
-158.836
82.4663
-149.305
-158.836
82.4663
149.305
-158.836
72.158
-149.305
-158.718
72.158
-150.796
-158.718
82.4663
-150.796
-158.836
82.4663
-149.305
-158.369
72.158
-152.25
-158.369
82.4663
-152.25
-157.797
72.158
-153.632
-157.797
82.4663
-153.632
-157.015
72.158
-154.907
-157.015
82.4663
-154.907
-156.044
72.158
-156.044
-156.044
82.4663
-156.044
-154.907
72.158
-157.015
-154.907
82.4663
-157.015
-153.632
72.158
-157.797
-153.632
82.4663
-157.797
-152.25
72.158
-158.369
-152.25
82.4663
-158.369
-150.796
72.158
-158.718
-150.796
82.4663
-158.718
-149.305
72.158
-158.836
-149.305
82.4663
-158.836
-149.305
72.158
-158.836
149.305
72.158
-158.836
149.305
82.4663
-158.836
-149.305
82.4663
-158.836
149.305
72.158
-158.836
150.796
72.158
-158.718
150.796
82.4663
-158.718
149.305
82.4663
-158.836
152.25
72.158
-158.369
152.25
82.4663
-158.369
153.632
72.158
-157.797
153.632
82.4663
-157.797
154.907
72.158
-157.015
154.907
82.4663
-157.015
156.044
72.158
-156.044
156.044
82.4663
-156.044
157.015
72.158
-154.907
157.015
82.4663
-154.907
157.797
72.158
-153.632
157.797
82.4663
-153.632
158.369
72.158
-152.25
158.369
82.4663
-152.25
158.718
72.158
-150.796
158.718
82.4663
-150.796
158.836
72.158
-149.305
158.836
82.4663
-149.305
158.836
72.158
-149.305
158.836
72.158
149.305
158.836
82.4663
149.305
158.836
82.4663
-149.305
158.836
72.158
149.305
158.718
72.158
150.796
158.718
82.4663
150.796
158.836
82.4663
149.305
158.369
72.158
152.25
158.369
82.4663
152.25
157.797
72.158
153.632
157.797
82.4663
153.632
157.015
72.158
154.907
157.015
82.4663
154.907
156.044
72.158
156.044
156.044
82.4663
156.044
154.907
72.158
157.015
154.907
82.4663
157.015
153.632
72.158
157.797
153.632
82.4663
157.797
152.25
72.158
158.369
152.25
82.4663
158.369
150.796
72.158
158.718
150.796
82.4663
158.718
149.305
72.158
158.836
149.305
82.4663
158.836
149.305
72.158
158.836
-149.305
72.158
158.836
-149.305
82.4663
158.836
149.305
82.4663
158.836
-150.796
41.2332
158.718
-150.796
61.8498
158.718
-149.305
61.8498
158.836
-149.305
41.2332
158.836
-152.25
41.2332
158.369
-152.25
61.8498
158.369
-153.632
41.2332
157.797
-153.632
61.8498
157.797
-154.907
41.2332
157.015
-154.907
61.8498
157.015
-156.044
41.2332
156.044
-156.044
61.8498
156.044
-157.015
41.2332
154.907
-157.015
61.8498
154.907
-157.797
41.2332
153.632
-157.797
61.8498
153.632
-158.369
41.2332
152.25
-158.369
61.8498
152.25
-158.718
41.2332
150.796
-158.718
61.8498
150.796
-158.836
41.2332
149.305
-158.836
61.8498
149.305
-158.836
41.2332
-149.305
-158.836
61.8498
-149.305
-158.836
61.8498
149.305
-158.836
41.2332
149.305
-158.718
41.2332
-150.796
-158.718
61.8498
-150.796
-158.836
61.8498
-149.305
-158.836
41.2332
-149.305
-158.369
41.2332
-152.25
-158.369
61.8498
-152.25
-157.797
41.2332
-153.632
-157.797
61.8498
-153.632
-157.015
41.2332
-154.907
-157.015
61.8498
-154.907
-156.044
41.2332
-156.044
-156.044
61.8498
-156.044
-154.907
41.2332
-157.015
-154.907
61.8498
-157.015
-153.632
41.2332
-157.797
-153.632
61.8498
-157.797
-152.25
41.2332
-158.369
-152.25
61.8498
-158.369
-150.796
41.2332
-158.718
-150.796
61.8498
-158.718
-149.305
41.2332
-158.836
-149.305
61.8498
-158.836
149.305
41.2332
-158.836
149.305
61.8498
-158.836
-149.305
61.8498
-158.836
-149.305
41.2332
-158.836
150.796
41.2332
-158.718
150.796
61.8498
-158.718
149.305
61.8498
-158.836
149.305
41.2332
-158.836
152.25
41.2332
-158.369
152.25
61.8498
-158.369
153.632
41.2332
-157.797
153.632
61.8498
-157.797
154.907
41.2332
-157.015
154.907
61.8498
-157.015
156.044
41.2332
-156.044
156.044
61.8498
-156.044
157.015
41.2332
-154.907
157.015
61.8498
-154.907
157.797
41.2332
-153.632
157.797
61.8498
-153.632
158.369
41.2332
-152.25
158.369
61.8498
-152.25
158.718
41.2332
-150.796
158.718
61.8498
-150.796
158.836
41.2332
-149.305
158.836
61.8498
-149.305
158.836
41.2332
149.305
158.836
61.8498
149.305
158.836
61.8498
-149.305
158.836
41.2332
-149.305
158.718
41.2332
150.796
158.718
61.8498
150.796
158.836
61.8498
149.305
158.836
41.2332
149.305
158.369
41.2332
152.25
158.369
61.8498
152.25
157.797
41.2332
153.632
157.797
61.8498
153.632
157.015
41.2332
154.907
157.015
61.8498
154.907
156.044
41.2332
156.044
156.044
61.8498
156.044
154.907
41.2332
157.015
154.907
61.8498
157.015
153.632
41.2332
157.797
153.632
61.8498
157.797
152.25
41.2332
158.369
152.25
61.8498
158.369
150.796
41.2332
158.718
150.796
61.8498
158.718
149.305
41.2332
158.836
149.305
61.8498
158.836
-149.305
41.2332
158.836
-149.305
61.8498
158.836
149.305
61.8498
158.836
149.305
41.2332
158.836
-149.305
30.925
158.836
-150.796
30.925
158.718
-150.796
41.2332
158.718
-149.305
41.2332
158.836
-152.25
30.925
158.369
-152.25
41.2332
158.369
-153.632
30.925
157.797
-153.632
41.2332
157.797
-154.907
30.925
157.015
-154.907
41.2332
157.015
-156.044
30.925
156.044
-156.044
41.2332
156.044
-157.015
30.925
154.907
-157.015
41.2332
154.907
-157.797
30.925
153.632
-157.797
41.2332
153.632
-158.369
30.925
152.25
-158.369
41.2332
152.25
-158.718
30.925
150.796
-158.718
41.2332
150.796
-158.836
30.925
149.305
-158.836
41.2332
149.305
-158.836
30.925
149.305
-158.836
30.925
-149.305
-158.836
41.2332
-149.305
-158.836
41.2332
149.305
-158.836
30.925
-149.305
-158.718
30.925
-150.796
-158.718
41.2332
-150.796
-158.836
41.2332
-149.305
-158.369
30.925
-152.25
-158.369
41.2332
-152.25
-157.797
30.925
-153.632
-157.797
41.2332
-153.632
-157.015
30.925
-154.907
-157.015
41.2332
-154.907
-156.044
30.925
-156.044
-156.044
41.2332
-156.044
-154.907
30.925
-157.015
-154.907
41.2332
-157.015
-153.632
30.925
-157.797
-153.632
41.2332
-157.797
-152.25
30.925
-158.369
-152.25
41.2332
-158.369
-150.796
30.925
-158.718
-150.796
41.2332
-158.718
-149.305
30.925
-158.836
-149.305
41.2332
-158.836
-149.305
30.925
-158.836
149.305
30.925
-158.836
149.305
41.2332
-158.836
-149.305
41.2332
-158.836
149.305
30.925
-158.836
150.796
30.925
-158.718
150.796
41.2332
-158.718
149.305
41.2332
-158.836
152.25
30.925
-158.369
152.25
41.2332
-158.369
153.632
30.925
-157.797
153.632
41.2332
-157.797
154.907
30.925
-157.015
154.907
41.2332
-157.015
156.044
30.925
-156.044
156.044
41.2332
-156.044
157.015
30.925
-154.907
157.015
41.2332
-154.907
157.797
30.925
-153.632
157.797
41.2332
-153.632
158.369
30.925
-152.25
158.369
41.2332
-152.25
158.718
30.925
-150.796
158.718
41.2332
-150.796
158.836
30.925
-149.305
158.836
41.2332
-149.305
158.836
30.925
-149.305
158.836
30.925
149.305
158.836
41.2332
149.305
158.836
41.2332
-149.305
158.836
30.925
149.305
158.718
30.925
150.796
158.718
41.2332
150.796
158.836
41.2332
149.305
158.369
30.925
152.25
158.369
41.2332
152.25
157.797
30.925
153.632
157.797
41.2332
153.632
157.015
30.925
154.907
157.015
41.2332
154.907
156.044
30.925
156.044
156.044
41.2332
156.044
154.907
30.925
157.015
154.907
41.2332
157.015
153.632
30.925
157.797
153.632
41.2332
157.797
152.25
30.925
158.369
152.25
41.2332
158.369
150.796
30.925
158.718
150.796
41.2332
158.718
149.305
30.925
158.836
149.305
41.2332
158.836
149.305
30.925
158.836
-149.305
30.925
158.836
-149.305
41.2332
158.836
149.305
41.2332
158.836
-150.796
0.000172615
158.718
-150.796
20.6167
158.718
-149.305
20.6167
158.836
-149.305
0.000172615
158.836
-152.25
0.000172615
158.369
-152.25
20.6167
158.369
-153.632
0.000172615
157.797
-153.632
20.6167
157.797
-154.907
0.000172615
157.015
-154.907
20.6167
157.015
-156.044
0.000172615
156.044
-156.044
20.6167
156.044
-157.015
0.000172615
154.907
-157.015
20.6167
154.907
-157.797
0.000172615
153.632
-157.797
20.6167
153.632
-158.369
0.000172615
152.25
-158.369
20.6167
152.25
-158.718
0.000172615
150.796
-158.718
20.6167
150.796
-158.836
0.000172615
149.305
-158.836
20.6167
149.305
-158.836
0.000185966
-149.305
-158.836
20.6167
-149.305
-158.836
20.6167
149.305
-158.836
0.000172615
149.305
-158.718
0.000185966
-150.796
-158.718
20.6167
-150.796
-158.836
20.6167
-149.305
-158.836
0.000185966
-149.305
-158.369
0.000185966
-152.25
-158.369
20.6167
-152.25
-157.797
0.000185966
-153.632
-157.797
20.6167
-153.632
-157.015
0.000185966
-154.907
-157.015
20.6167
-154.907
-156.044
0.000185966
-156.044
-156.044
20.6167
-156.044
-154.907
0.000185966
-157.015
-154.907
20.6167
-157.015
-153.632
0.000185966
-157.797
-153.632
20.6167
-157.797
-152.25
0.000185966
-158.369
-152.25
20.6167
-158.369
-150.796
0.000185966
-158.718
-150.796
20.6167
-158.718
-149.305
0.000185966
-158.836
-149.305
20.6167
-158.836
149.305
0.000185966
-158.836
149.305
20.6167
-158.836
-149.305
20.6167
-158.836
-149.305
0.000185966
-158.836
150.796
0.000185966
-158.718
150.796
20.6167
-158.718
149.305
20.6167
-158.836
149.305
0.000185966
-158.836
152.25
0.000185966
-158.369
152.25
20.6167
-158.369
153.632
0.000185966
-157.797
153.632
20.6167
-157.797
154.907
0.000185966
-157.015
154.907
20.6167
-157.015
156.044
0.000185966
-156.044
156.044
20.6167
-156.044
157.015
0.000185966
-154.907
157.015
20.6167
-154.907
157.797
0.000185966
-153.632
157.797
20.6167
-153.632
158.369
0.000185966
-152.25
158.369
20.6167
-152.25
158.718
0.000185966
-150.796
158.718
20.6167
-150.796
158.836
0.000185966
-149.305
158.836
20.6167
-149.305
158.836
0.000172615
149.305
158.836
20.6167
149.305
158.836
20.6167
-149.305
158.836
0.000185966
-149.305
158.718
0.000172615
150.796
158.718
20.6167
150.796
158.836
20.6167
149.305
158.836
0.000172615
149.305
158.369
0.000172615
152.25
158.369
20.6167
152.25
157.797
0.000172615
153.632
157.797
20.6167
153.632
157.015
0.000172615
154.907
157.015
20.6167
154.907
156.044
0.000172615
156.044
156.044
20.6167
156.044
154.907
0.000172615
157.015
154.907
20.6167
157.015
153.632
0.000172615
157.797
153.632
20.6167
157.797
152.25
0.000172615
158.369
152.25
20.6167
158.369
150.796
0.000172615
158.718
150.796
20.6167
158.718
149.305
0.000172615
158.836
149.305
20.6167
158.836
-149.305
0.000172615
158.836
-149.305
20.6167
158.836
149.305
20.6167
158.836
149.305
0.000172615
158.836
149.305
0.000172615
158.836
150.796
0.000172615
158.718
152.25
0.000172615
158.369
153.632
0.000172615
157.797
154.907
0.000172615
157.015
156.044
0.000172615
156.044
157.015
0.000172615
154.907
157.797
0.000172615
153.632
158.369
0.000172615
152.25
158.718
0.000172615
150.796
158.836
0.000172615
149.305
158.836
0.000185966
-149.305
158.718
0.000185966
-150.796
158.369
0.000185966
-152.25
157.797
0.000185966
-153.632
157.015
0.000185966
-154.907
156.044
0.000185966
-156.044
154.907
0.000185966
-157.015
153.632
0.000185966
-157.797
152.25
0.000185966
-158.369
150.796
0.000185966
-158.718
149.305
0.000185966
-158.836
-149.305
0.000185966
-158.836
-150.796
0.000185966
-158.718
-152.25
0.000185966
-158.369
-153.632
0.000185966
-157.797
-154.907
0.000185966
-157.015
-156.044
0.000185966
-156.044
-157.015
0.000185966
-154.907
-157.797
0.000185966
-153.632
-158.369
0.000185966
-152.25
-158.718
0.000185966
-150.796
-158.836
0.000185966
-149.305
-158.836
0.000172615
149.305
-158.718
0.000172615
150.796
-158.369
0.000172615
152.25
-157.797
0.000172615
153.632
-157.015
0.000172615
154.907
-156.044
0.000172615
156.044
-154.907
0.000172615
157.015
-153.632
0.000172615
157.797
-152.25
0.000172615
158.369
-150.796
0.000172615
158.718
-149.305
0.000172615
158.836
-150.796
113.391
158.718
-149.305
113.391
158.836
-152.25
113.391
158.369
-153.632
113.391
157.797
-154.907
113.391
157.015
-156.044
113.391
156.044
-157.015
113.391
154.907
-157.797
113.391
153.632
-158.369
113.391
152.25
-158.718
113.391
150.796
-158.836
113.391
149.305
-158.836
113.391
-149.305
-158.836
113.391
149.305
-158.718
113.391
-150.796
-158.836
113.391
-149.305
-158.369
113.391
-152.25
-157.797
113.391
-153.632
-157.015
113.391
-154.907
-156.044
113.391
-156.044
-154.907
113.391
-157.015
-153.632
113.391
-157.797
-152.25
113.391
-158.369
-150.796
113.391
-158.718
-149.305
113.391
-158.836
149.305
113.391
-158.836
-149.305
113.391
-158.836
150.796
113.391
-158.718
149.305
113.391
-158.836
152.25
113.391
-158.369
153.632
113.391
-157.797
154.907
113.391
-157.015
156.044
113.391
-156.044
157.015
113.391
-154.907
157.797
113.391
-153.632
158.369
113.391
-152.25
158.718
113.391
-150.796
158.836
113.391
-149.305
158.836
113.391
149.305
158.836
113.391
-149.305
158.718
113.391
150.796
158.836
113.391
149.305
158.369
113.391
152.25
157.797
113.391
153.632
157.015
113.391
154.907
156.044
113.391
156.044
154.907
113.391
157.015
153.632
113.391
157.797
152.25
113.391
158.369
150.796
113.391
158.718
149.305
113.391
158.836
-149.305
113.391
158.836
149.305
113.391
158.836
-150.796
30.925
158.718
-149.305
30.925
158.836
-152.25
30.925
158.369
-153.632
30.925
157.797
-154.907
30.925
157.015
-156.044
30.925
156.044
-157.015
30.925
154.907
-157.797
30.925
153.632
-158.369
30.925
152.25
-158.718
30.925
150.796
-158.836
30.925
149.305
-158.836
30.925
-149.305
-158.836
30.925
149.305
-158.718
30.925
-150.796
-158.836
30.925
-149.305
-158.369
30.925
-152.25
-157.797
30.925
-153.632
-157.015
30.925
-154.907
-156.044
30.925
-156.044
-154.907
30.925
-157.015
-153.632
30.925
-157.797
-152.25
30.925
-158.369
-150.796
30.925
-158.718
-149.305
30.925
-158.836
149.305
30.925
-158.836
-149.305
30.925
-158.836
150.796
30.925
-158.718
149.305
30.925
-158.836
152.25
30.925
-158.369
153.632
30.925
-157.797
154.907
30.925
-157.015
156.044
30.925
-156.044
157.015
30.925
-154.907
157.797
30.925
-153.632
158.369
30.925
-152.25
158.718
30.925
-150.796
158.836
30.925
-149.305
158.836
30.925
149.305
158.836
30.925
-149.305
158.718
30.925
150.796
158.836
30.925
149.305
158.369
30.925
152.25
157.797
30.925
153.632
157.015
30.925
154.907
156.044
30.925
156.044
154.907
30.925
157.015
153.632
30.925
157.797
152.25
30.925
158.369
150.796
30.925
158.718
149.305
30.925
158.836
-149.305
30.925
158.836
149.305
30.925
158.836
-150.796
72.158
158.718
-149.305
72.158
158.836
-152.25
72.158
158.369
-153.632
72.158
157.797
-154.907
72.158
157.015
-156.044
72.158
156.044
-157.015
72.158
154.907
-157.797
72.158
153.632
-158.369
72.158
152.25
-158.718
72.158
150.796
-158.836
72.158
149.305
-158.836
72.158
-149.305
-158.836
72.158
149.305
-158.718
72.158
-150.796
-158.836
72.158
-149.305
-158.369
72.158
-152.25
-157.797
72.158
-153.632
-157.015
72.158
-154.907
-156.044
72.158
-156.044
-154.907
72.158
-157.015
-153.632
72.158
-157.797
-152.25
72.158
-158.369
-150.796
72.158
-158.718
-149.305
72.158
-158.836
149.305
72.158
-158.836
-149.305
72.158
-158.836
150.796
72.158
-158.718
149.305
72.158
-158.836
152.25
72.158
-158.369
153.632
72.158
-157.797
154.907
72.158
-157.015
156.044
72.158
-156.044
157.015
72.158
-154.907
157.797
72.158
-153.632
158.369
72.158
-152.25
158.718
72.158
-150.796
158.836
72.158
-149.305
158.836
72.158
149.305
158.836
72.158
-149.305
158.718
72.158
150.796
158.836
72.158
149.305
158.369
72.158
152.25
157.797
72.158
153.632
157.015
72.158
154.907
156.044
72.158
156.044
154.907
72.158
157.015
153.632
72.158
157.797
152.25
72.158
158.369
150.796
72.158
158.718
149.305
72.158
158.836
-149.305
72.158
158.836
149.305
72.158
158.836
5028
2
1
0
0
3
2
3
0
26
27
26
0
28
27
0
29
28
0
30
29
0
31
30
0
32
31
0
33
32
0
34
33
0
35
34
0
36
35
0
0
1
37
37
36
0
33
34
78
34
35
79
79
78
34
35
36
80
80
79
35
36
37
81
81
80
36
38
37
1
37
38
82
82
81
37
80
81
125
81
82
126
126
125
81
79
80
124
125
124
80
78
79
123
124
123
79
123
124
168
124
125
169
169
168
124
125
126
170
170
169
125
127
126
82
126
127
171
171
170
126
169
170
214
170
171
215
215
214
170
168
169
213
214
213
169
213
214
258
214
215
259
259
258
214
216
215
171
215
216
260
260
259
215
172
171
127
171
172
216
217
216
172
216
217
261
261
260
216
259
260
304
260
261
305
305
304
260
258
259
303
304
303
259
303
304
348
304
305
349
349
348
304
306
305
261
305
306
350
350
349
305
262
261
217
261
262
306
307
306
262
306
307
351
351
350
306
349
350
394
350
351
395
395
394
350
348
349
393
394
393
349
393
394
438
394
395
439
439
438
394
396
395
351
395
396
440
440
439
395
352
351
307
351
352
396
397
396
352
396
397
441
441
440
396
440
484
483
483
439
440
484
440
441
439
483
482
482
438
439
438
482
481
437
481
480
481
437
438
392
393
437
437
436
392
438
437
393
480
436
437
436
480
479
391
392
436
436
435
391
479
435
436
347
348
392
392
391
347
393
392
348
346
347
391
391
390
346
390
391
435
435
434
390
435
479
478
478
434
435
345
346
390
390
389
345
389
390
434
301
302
346
346
345
301
347
346
302
300
301
345
345
344
300
344
345
389
389
388
344
388
389
433
434
433
389
299
300
344
344
343
299
343
344
388
255
256
300
300
299
255
301
300
256
254
255
299
299
298
254
298
299
343
343
342
298
342
343
387
388
387
343
253
254
298
298
297
253
297
298
342
209
210
254
254
253
209
255
254
210
208
209
253
253
252
208
252
253
297
297
296
252
296
297
341
342
341
297
207
208
252
252
251
207
251
252
296
163
164
208
208
207
163
209
208
164
162
163
207
207
206
162
206
207
251
251
250
206
250
251
295
296
295
251
161
162
206
206
205
161
205
206
250
117
118
162
162
161
117
163
162
118
116
117
161
161
160
116
160
161
205
205
204
160
204
205
249
250
249
205
115
116
160
160
159
115
159
160
204
71
72
116
116
115
71
117
116
72
70
71
115
115
114
70
114
115
159
159
158
114
158
159
203
204
203
159
69
70
114
114
113
69
113
114
158
25
26
70
70
69
25
71
70
26
24
25
69
69
68
24
68
69
113
113
112
68
112
113
157
158
157
113
23
24
68
68
67
23
67
68
112
24
23
3
25
24
3
26
25
3
26
27
71
27
28
72
72
71
27
28
29
73
73
72
28
72
73
117
74
73
29
73
74
118
118
117
73
29
30
74
75
74
30
74
75
119
119
118
74
118
119
163
120
119
75
119
120
164
164
163
119
30
31
75
76
75
31
75
76
120
121
120
76
120
121
165
165
164
120
164
165
209
166
165
121
165
166
210
210
209
165
76
77
121
122
121
77
121
122
166
31
32
76
77
76
32
32
33
77
78
77
33
77
78
122
123
122
78
122
123
167
167
166
122
168
167
123
166
167
211
167
168
212
212
211
167
213
212
168
211
212
256
212
213
257
257
256
212
211
210
166
210
211
255
256
255
211
256
257
301
258
257
213
257
258
302
302
301
257
303
302
258
302
303
347
348
347
303
2
3
15
16
15
3
17
16
3
18
17
3
19
18
3
20
19
3
21
20
3
22
21
3
23
22
3
17
18
62
18
19
63
63
62
18
19
20
64
64
63
19
20
21
65
65
64
20
21
22
66
66
65
21
22
23
67
67
66
22
65
66
110
66
67
111
111
110
66
64
65
109
110
109
65
63
64
108
109
108
64
108
109
153
109
110
154
154
153
109
110
111
155
155
154
110
112
111
67
111
112
156
156
155
111
154
155
199
155
156
200
200
199
155
153
154
198
199
198
154
198
199
243
199
200
244
244
243
199
201
200
156
200
201
245
245
244
200
157
156
112
156
157
201
202
201
157
201
202
246
246
245
201
244
245
289
245
246
290
290
289
245
243
244
288
289
288
244
288
289
333
289
290
334
334
333
289
291
290
246
290
291
335
335
334
290
247
246
202
246
247
291
292
291
247
291
292
336
336
335
291
334
335
379
335
336
380
380
379
335
333
334
378
379
378
334
378
379
423
379
380
424
424
423
379
381
380
336
380
381
425
425
424
380
337
336
292
336
337
381
382
381
337
381
382
426
426
425
381
425
469
468
468
424
425
469
425
426
424
468
467
467
423
424
423
467
466
422
466
465
466
422
423
377
378
422
422
421
377
423
422
378
465
421
422
421
465
464
376
377
421
421
420
376
464
420
421
332
333
377
377
376
332
378
377
333
331
332
376
376
375
331
375
376
420
420
419
375
420
464
463
463
419
420
330
331
375
375
374
330
374
375
419
286
287
331
331
330
286
332
331
287
285
286
330
330
329
285
329
330
374
374
373
329
373
374
418
419
418
374
284
285
329
329
328
284
328
329
373
240
241
285
285
284
240
286
285
241
239
240
284
284
283
239
283
284
328
328
327
283
327
328
372
373
372
328
238
239
283
283
282
238
282
283
327
194
195
239
239
238
194
240
239
195
193
194
238
238
237
193
237
238
282
282
281
237
281
282
326
327
326
282
192
193
237
237
236
192
236
237
281
148
149
193
193
192
148
194
193
149
147
148
192
192
191
147
191
192
236
236
235
191
235
236
280
281
280
236
146
147
191
191
190
146
190
191
235
102
103
147
147
146
102
148
147
103
101
102
146
146
145
101
145
146
190
190
189
145
189
190
234
235
234
190
100
101
145
145
144
100
144
145
189
56
57
101
101
100
56
102
101
57
55
56
100
100
99
55
99
100
144
144
143
99
143
144
188
189
188
144
54
55
99
99
98
54
98
99
143
10
11
55
55
54
10
56
55
11
9
10
54
54
53
9
53
54
98
98
97
53
97
98
142
143
142
98
8
9
53
53
52
8
52
53
97
9
8
2
10
9
2
11
10
2
12
11
2
11
12
56
13
12
2
12
13
57
57
56
12
14
13
2
13
14
58
58
57
13
57
58
102
59
58
14
58
59
103
103
102
58
15
14
2
14
15
59
60
59
15
59
60
104
104
103
59
103
104
148
105
104
60
104
105
149
149
148
104
15
16
60
61
60
16
60
61
105
106
105
61
105
106
150
150
149
105
149
150
194
151
150
106
150
151
195
195
194
150
61
62
106
107
106
62
106
107
151
16
17
61
62
61
17
62
63
107
108
107
63
107
108
152
152
151
107
151
152
196
196
195
151
195
196
240
197
196
152
196
197
241
241
240
196
153
152
108
152
153
197
198
197
153
197
198
242
242
241
197
241
242
286
243
242
198
242
243
287
287
286
242
288
287
243
287
288
332
333
332
288
5
4
2
6
5
2
7
6
2
8
7
2
1
2
4
5
6
50
6
7
51
51
50
6
7
8
52
52
51
7
50
51
95
51
52
96
96
95
51
50
48
5
48
50
94
95
94
50
94
95
139
95
96
140
140
139
95
97
96
52
96
97
141
141
140
96
139
140
184
140
141
185
185
184
140
139
138
94
138
139
183
184
183
139
183
184
228
184
185
229
229
228
184
186
185
141
185
186
230
230
229
185
228
229
273
229
230
274
274
273
229
228
227
183
227
228
272
273
272
228
272
273
317
273
274
318
318
317
273
275
274
230
274
275
319
319
318
274
317
318
362
318
319
363
363
362
318
317
316
272
316
317
361
362
361
317
361
362
406
362
363
407
407
406
362
364
363
319
363
364
408
408
407
363
407
451
450
450
406
407
451
407
408
406
405
361
406
450
449
449
405
406
360
361
405
405
404
360
405
449
448
448
404
405
315
316
360
360
359
315
361
360
316
359
360
404
404
403
359
404
448
447
447
403
404
314
315
359
359
358
314
358
359
403
403
402
358
403
447
446
446
402
403
312
314
358
358
356
312
356
358
402
268
270
314
314
312
268
315
314
270
269
268
312
312
313
269
313
312
356
356
357
313
357
356
400
402
400
356
311
269
313
313
355
311
355
313
357
268
269
225
267
225
269
269
311
267
266
267
311
311
310
266
310
311
355
355
354
310
354
355
399
357
399
355
265
266
310
310
309
265
309
310
354
221
222
266
266
265
221
267
266
222
220
221
265
265
264
220
264
265
309
309
308
264
308
309
353
354
353
309
219
220
264
264
263
219
263
264
308
175
176
220
220
219
175
221
220
176
174
175
219
219
218
174
218
219
263
263
262
218
262
263
307
308
307
263
173
174
218
218
217
173
217
218
262
129
130
174
174
173
129
175
174
130
128
129
173
173
172
128
172
173
217
84
85
129
129
128
84
130
129
85
85
86
130
131
130
86
130
131
175
40
41
85
85
84
40
86
85
41
41
42
86
87
86
42
86
87
131
132
131
87
131
132
176
176
175
131
42
43
87
88
87
43
87
88
132
42
41
1
43
42
1
41
40
1
40
39
1
39
40
84
39
38
1
38
39
83
84
83
39
83
84
128
83
82
38
82
83
127
128
127
83
127
128
172
44
43
1
45
44
1
46
45
1
47
46
1
4
47
1
43
44
88
44
45
89
89
88
44
45
46
90
90
89
45
46
47
91
91
90
46
47
4
49
49
91
47
4
5
48
48
49
4
49
48
92
92
93
49
91
49
93
90
91
135
93
135
91
89
90
134
135
134
90
134
135
179
135
93
137
137
179
135
93
92
136
136
137
93
137
136
180
180
181
137
179
137
181
179
178
134
178
179
223
181
223
179
134
133
89
133
134
178
178
177
133
177
178
222
223
222
178
222
223
267
223
181
225
225
267
223
222
221
177
132
133
177
177
176
132
176
177
221
133
132
88
88
89
133
224
225
181
225
224
268
181
180
224
226
224
180
224
226
270
270
268
224
182
180
136
180
182
226
227
226
182
226
227
271
271
270
226
270
271
315
272
271
227
271
272
316
316
315
271
182
183
227
136
138
182
183
182
138
138
136
92
92
94
138
94
92
48
307
308
352
353
352
308
352
353
397
353
354
398
398
397
353
397
398
442
442
441
397
399
398
354
398
399
443
443
442
398
442
486
485
485
441
442
486
442
443
441
485
484
401
443
399
443
487
486
487
443
401
399
357
401
400
401
357
444
401
400
401
444
487
400
445
444
445
400
402
402
446
445
409
408
364
408
452
451
452
408
409
319
320
364
365
364
320
364
365
409
320
319
275
275
276
320
321
320
276
320
321
365
366
365
321
365
366
410
410
409
365
276
277
321
322
321
277
321
322
366
367
366
322
366
367
411
411
410
366
410
454
453
453
409
410
454
410
411
409
453
452
412
411
367
411
455
454
455
411
412
367
368
412
413
412
368
412
456
455
456
412
413
323
324
368
368
367
323
369
368
324
368
369
413
414
413
369
413
457
456
457
413
414
324
325
369
370
369
325
369
370
414
279
280
324
324
323
279
325
324
280
280
281
325
326
325
281
325
326
370
371
370
326
370
371
415
415
414
370
326
327
371
372
371
327
371
372
416
416
415
371
415
459
458
458
414
415
459
415
416
417
416
372
416
460
459
460
416
417
372
373
417
418
417
373
417
461
460
461
417
418
418
462
461
462
418
419
419
463
462
414
458
457
280
279
235
234
235
279
279
278
234
278
279
323
234
233
189
233
234
278
278
277
233
277
278
322
323
322
278
322
323
367
232
233
277
277
276
232
188
189
233
233
232
188
187
188
232
232
231
187
231
232
276
276
275
231
186
187
231
231
230
186
230
231
275
142
143
187
187
186
142
188
187
143
141
142
186
142
141
97
427
426
382
426
470
469
470
426
427
337
338
382
383
382
338
382
383
427
292
293
337
338
337
293
293
294
338
339
338
294
338
339
383
384
383
339
383
384
428
428
427
383
294
295
339
340
339
295
339
340
384
385
384
340
384
385
429
429
428
384
428
472
471
471
427
428
472
428
429
427
471
470
430
429
385
429
473
472
473
429
430
385
386
430
431
430
386
430
474
473
474
430
431
341
342
386
386
385
341
387
386
342
386
387
431
432
431
387
431
475
474
475
431
432
387
388
432
433
432
388
432
476
475
476
432
433
433
477
476
477
433
434
434
478
477
341
340
296
340
341
385
295
296
340
295
294
250
249
250
294
294
293
249
249
248
204
248
249
293
293
292
248
203
204
248
248
247
203
247
248
292
203
202
158
202
203
247
157
158
202
490
489
488
488
491
490
492
488
489
1052
489
490
490
1053
1052
489
493
492
1054
493
489
489
1052
1054
494
492
493
493
495
494
1055
495
493
493
1054
1055
496
494
495
495
497
496
1056
497
495
495
1055
1056
498
496
497
497
499
498
1057
499
497
497
1056
1057
500
498
499
499
501
500
1058
501
499
499
1057
1058
502
500
501
501
503
502
1059
503
501
501
1058
1059
504
502
503
503
505
504
1060
505
503
503
1059
1060
506
504
505
505
507
506
1061
507
505
505
1060
1061
508
506
507
507
509
508
1062
509
507
507
1061
1062
512
511
510
510
513
512
1063
511
512
512
1064
1063
516
515
514
514
517
516
518
514
515
1065
515
516
516
1066
1065
515
519
518
1067
519
515
515
1065
1067
520
518
519
519
521
520
1068
521
519
519
1067
1068
522
520
521
521
523
522
1069
523
521
521
1068
1069
524
522
523
523
525
524
1070
525
523
523
1069
1070
526
524
525
525
527
526
1071
527
525
525
1070
1071
528
526
527
527
529
528
1072
529
527
527
1071
1072
530
528
529
529
531
530
1073
531
529
529
1072
1073
532
530
531
531
533
532
1074
533
531
531
1073
1074
534
532
533
533
535
534
1075
535
533
533
1074
1075
538
537
536
536
539
538
1076
537
538
538
1077
1076
542
541
540
540
543
542
544
540
541
1078
541
542
542
1079
1078
541
545
544
1080
545
541
541
1078
1080
546
544
545
545
547
546
1081
547
545
545
1080
1081
548
546
547
547
549
548
1082
549
547
547
1081
1082
550
548
549
549
551
550
1083
551
549
549
1082
1083
552
550
551
551
553
552
1084
553
551
551
1083
1084
554
552
553
553
555
554
1085
555
553
553
1084
1085
556
554
555
555
557
556
1086
557
555
555
1085
1086
558
556
557
557
559
558
1087
559
557
557
1086
1087
560
558
559
559
561
560
1088
561
559
559
1087
1088
564
563
562
562
565
564
1089
563
564
564
1090
1089
568
567
566
566
569
568
570
566
567
1091
567
568
568
1092
1091
567
571
570
1093
571
567
567
1091
1093
572
570
571
571
573
572
1094
573
571
571
1093
1094
574
572
573
573
575
574
1095
575
573
573
1094
1095
576
574
575
575
577
576
1096
577
575
575
1095
1096
578
576
577
577
579
578
1097
579
577
577
1096
1097
580
578
579
579
581
580
1098
581
579
579
1097
1098
582
580
581
581
583
582
1099
583
581
581
1098
1099
584
582
583
583
585
584
1100
585
583
583
1099
1100
586
584
585
585
587
586
1101
587
585
585
1100
1101
590
589
588
588
591
590
1102
589
590
590
1103
1102
594
593
592
592
595
594
593
594
597
597
596
593
596
597
599
599
598
596
598
599
601
601
600
598
600
601
603
603
602
600
602
603
605
605
604
602
604
605
607
607
606
604
606
607
609
609
608
606
608
609
611
611
610
608
610
611
613
613
612
610
616
615
614
614
617
616
620
619
618
618
621
620
619
620
623
623
622
619
622
623
625
625
624
622
624
625
627
627
626
624
626
627
629
629
628
626
628
629
631
631
630
628
630
631
633
633
632
630
632
633
635
635
634
632
634
635
637
637
636
634
636
637
639
639
638
636
642
641
640
640
643
642
646
645
644
644
647
646
645
646
649
649
648
645
648
649
651
651
650
648
650
651
653
653
652
650
652
653
655
655
654
652
654
655
657
657
656
654
656
657
659
659
658
656
658
659
661
661
660
658
660
661
663
663
662
660
662
663
665
665
664
662
668
667
666
666
669
668
672
671
670
670
673
672
671
672
675
675
674
671
674
675
677
677
676
674
676
677
679
679
678
676
678
679
681
681
680
678
680
681
683
683
682
680
682
683
685
685
684
682
684
685
687
687
686
684
686
687
689
689
688
686
688
689
691
691
690
688
694
693
692
692
695
694
698
697
696
696
699
698
700
696
697
1156
697
698
698
1157
1156
697
701
700
1158
701
697
697
1156
1158
702
700
701
701
703
702
1159
703
701
701
1158
1159
704
702
703
703
705
704
1160
705
703
703
1159
1160
706
704
705
705
707
706
1161
707
705
705
1160
1161
708
706
707
707
709
708
1162
709
707
707
1161
1162
710
708
709
709
711
710
1163
711
709
709
1162
1163
712
710
711
711
713
712
1164
713
711
711
1163
1164
714
712
713
713
715
714
1165
715
713
713
1164
1165
716
714
715
715
717
716
1166
717
715
715
1165
1166
720
719
718
718
721
720
1167
719
720
720
1168
1167
724
723
722
722
725
724
726
722
723
1169
723
724
724
1170
1169
723
727
726
1171
727
723
723
1169
1171
728
726
727
727
729
728
1172
729
727
727
1171
1172
730
728
729
729
731
730
1173
731
729
729
1172
1173
732
730
731
731
733
732
1174
733
731
731
1173
1174
734
732
733
733
735
734
1175
735
733
733
1174
1175
736
734
735
735
737
736
1176
737
735
735
1175
1176
738
736
737
737
739
738
1177
739
737
737
1176
1177
740
738
739
739
741
740
1178
741
739
739
1177
1178
742
740
741
741
743
742
1179
743
741
741
1178
1179
746
745
744
744
747
746
1180
745
746
746
1181
1180
750
749
748
748
751
750
752
748
749
1182
749
750
750
1183
1182
749
753
752
1184
753
749
749
1182
1184
754
752
753
753
755
754
1185
755
753
753
1184
1185
756
754
755
755
757
756
1186
757
755
755
1185
1186
758
756
757
757
759
758
1187
759
757
757
1186
1187
760
758
759
759
761
760
1188
761
759
759
1187
1188
762
760
761
761
763
762
1189
763
761
761
1188
1189
764
762
763
763
765
764
1190
765
763
763
1189
1190
766
764
765
765
767
766
1191
767
765
765
1190
1191
768
766
767
767
769
768
1192
769
767
767
1191
1192
772
771
770
770
773
772
1193
771
772
772
1194
1193
776
775
774
774
777
776
778
774
775
1195
775
776
776
1196
1195
775
779
778
1197
779
775
775
1195
1197
780
778
779
779
781
780
1198
781
779
779
1197
1198
782
780
781
781
783
782
1199
783
781
781
1198
1199
784
782
783
783
785
784
1200
785
783
783
1199
1200
786
784
785
785
787
786
1201
787
785
785
1200
1201
788
786
787
787
789
788
1202
789
787
787
1201
1202
790
788
789
789
791
790
1203
791
789
789
1202
1203
792
790
791
791
793
792
1204
793
791
791
1203
1204
794
792
793
793
795
794
1205
795
793
793
1204
1205
798
797
796
796
799
798
1206
797
798
798
1207
1206
802
801
800
800
803
802
801
802
805
805
804
801
804
805
807
807
806
804
806
807
809
809
808
806
808
809
811
811
810
808
810
811
813
813
812
810
812
813
815
815
814
812
814
815
817
817
816
814
816
817
819
819
818
816
818
819
821
821
820
818
824
823
822
822
825
824
828
827
826
826
829
828
827
828
831
831
830
827
830
831
833
833
832
830
832
833
835
835
834
832
834
835
837
837
836
834
836
837
839
839
838
836
838
839
841
841
840
838
840
841
843
843
842
840
842
843
845
845
844
842
844
845
847
847
846
844
850
849
848
848
851
850
854
853
852
852
855
854
853
854
857
857
856
853
856
857
859
859
858
856
858
859
861
861
860
858
860
861
863
863
862
860
862
863
865
865
864
862
864
865
867
867
866
864
866
867
869
869
868
866
868
869
871
871
870
868
870
871
873
873
872
870
876
875
874
874
877
876
880
879
878
878
881
880
879
880
883
883
882
879
882
883
885
885
884
882
884
885
887
887
886
884
886
887
889
889
888
886
888
889
891
891
890
888
890
891
893
893
892
890
892
893
895
895
894
892
894
895
897
897
896
894
896
897
899
899
898
896
902
901
900
900
903
902
906
905
904
904
907
906
908
904
905
1104
905
906
906
1105
1104
905
909
908
1106
909
905
905
1104
1106
910
908
909
909
911
910
1107
911
909
909
1106
1107
912
910
911
911
913
912
1108
913
911
911
1107
1108
914
912
913
913
915
914
1109
915
913
913
1108
1109
916
914
915
915
917
916
1110
917
915
915
1109
1110
918
916
917
917
919
918
1111
919
917
917
1110
1111
920
918
919
919
921
920
1112
921
919
919
1111
1112
922
920
921
921
923
922
1113
923
921
921
1112
1113
924
922
923
923
925
924
1114
925
923
923
1113
1114
928
927
926
926
929
928
1115
927
928
928
1116
1115
932
931
930
930
933
932
934
930
931
1117
931
932
932
1118
1117
931
935
934
1119
935
931
931
1117
1119
936
934
935
935
937
936
1120
937
935
935
1119
1120
938
936
937
937
939
938
1121
939
937
937
1120
1121
940
938
939
939
941
940
1122
941
939
939
1121
1122
942
940
941
941
943
942
1123
943
941
941
1122
1123
944
942
943
943
945
944
1124
945
943
943
1123
1124
946
944
945
945
947
946
1125
947
945
945
1124
1125
948
946
947
947
949
948
1126
949
947
947
1125
1126
950
948
949
949
951
950
1127
951
949
949
1126
1127
954
953
952
952
955
954
1128
953
954
954
1129
1128
958
957
956
956
959
958
960
956
957
1130
957
958
958
1131
1130
957
961
960
1132
961
957
957
1130
1132
962
960
961
961
963
962
1133
963
961
961
1132
1133
964
962
963
963
965
964
1134
965
963
963
1133
1134
966
964
965
965
967
966
1135
967
965
965
1134
1135
968
966
967
967
969
968
1136
969
967
967
1135
1136
970
968
969
969
971
970
1137
971
969
969
1136
1137
972
970
971
971
973
972
1138
973
971
971
1137
1138
974
972
973
973
975
974
1139
975
973
973
1138
1139
976
974
975
975
977
976
1140
977
975
975
1139
1140
980
979
978
978
981
980
1141
979
980
980
1142
1141
984
983
982
982
985
984
986
982
983
1143
983
984
984
1144
1143
983
987
986
1145
987
983
983
1143
1145
988
986
987
987
989
988
1146
989
987
987
1145
1146
990
988
989
989
991
990
1147
991
989
989
1146
1147
992
990
991
991
993
992
1148
993
991
991
1147
1148
994
992
993
993
995
994
1149
995
993
993
1148
1149
996
994
995
995
997
996
1150
997
995
995
1149
1150
998
996
997
997
999
998
1151
999
997
997
1150
1151
1000
998
999
999
1001
1000
1152
1001
999
999
1151
1152
1002
1000
1001
1001
1003
1002
1153
1003
1001
1001
1152
1153
1006
1005
1004
1004
1007
1006
1154
1005
1006
1006
1155
1154
1010
1009
1008
1050
1010
1008
1050
1008
1051
1012
1011
1010
1014
1012
1010
1050
1014
1010
1050
1049
1048
1050
1048
1046
1050
1046
1014
1048
1047
1046
1046
1045
1044
1046
1044
1042
1046
1042
1038
1046
1038
1030
1046
1030
1014
1044
1043
1042
1042
1041
1040
1042
1040
1038
1040
1039
1038
1038
1037
1036
1038
1036
1034
1038
1034
1030
1036
1035
1034
1034
1033
1032
1034
1032
1030
1032
1031
1030
1030
1029
1028
1030
1028
1026
1030
1026
1022
1030
1022
1014
1028
1027
1026
1026
1025
1024
1026
1024
1022
1024
1023
1022
1022
1021
1020
1022
1020
1018
1022
1018
1014
1020
1019
1018
1018
1017
1016
1018
1016
1014
1016
1015
1014
1014
1013
1012
