24
-21.2086
3.70823e-07
-8.48344
-21.2086
-3.70823e-07
8.48344
21.2086
-3.70823e-07
8.48344
21.2086
3.70823e-07
-8.48344
-21.2086
8.48344
-8.48344
21.2086
8.48344
-8.48344
21.2086
8.48344
8.48344
-21.2086
8.48344
8.48344
-21.2086
3.70823e-07
-8.48344
21.2086
3.70823e-07
-8.48344
21.2086
8.48344
-8.48344
-21.2086
8.48344
-8.48344
21.2086
3.70823e-07
-8.48344
21.2086
-3.70823e-07
8.48344
21.2086
8.48344
8.48344
21.2086
8.48344
-8.48344
21.2086
-3.70823e-07
8.48344
-21.2086
-3.70823e-07
8.48344
-21.2086
8.48344
8.48344
21.2086
8.48344
8.48344
-21.2086
-3.70823e-07
8.48344
-21.2086
3.70823e-07
-8.48344
-21.2086
8.48344
-8.48344
-21.2086
8.48344
8.48344
36
3
1
0
3
2
1
7
5
4
7
6
5
11
9
8
11
10
9
15
13
12
15
14
13
19
17
16
19
18
17
23
21
20
23
22
21
