456
40.8673
6.69592
12.554
13.6297
6.69592
12.554
13.6297
4.69592
12.554
40.8673
4.69592
12.554
13.6297
6.69592
23.5508
40.8673
6.69592
23.5508
40.8673
4.69592
23.5508
13.6297
4.69592
23.5508
40.8673
6.69592
23.5508
13.6297
6.69592
23.5508
13.6297
6.69592
12.554
40.8673
6.69592
12.554
13.6297
4.69592
23.5508
40.8673
4.69592
23.5508
40.8673
4.69592
12.554
13.6297
4.69592
12.554
13.6297
6.69592
23.5508
13.6297
4.69592
23.5508
13.6297
4.69592
12.554
13.6297
6.69592
12.554
40.8673
4.69592
23.5508
40.8673
6.69592
23.5508
40.8673
6.69592
12.554
40.8673
4.69592
12.554
40.8673
13.3918
23.5508
13.6297
13.3918
23.5508
13.6297
11.3918
23.5508
40.8673
11.3918
23.5508
13.6297
13.3918
34.5475
40.8673
13.3918
34.5475
40.8673
11.3918
34.5475
13.6297
11.3918
34.5475
40.8673
13.3918
34.5475
13.6297
13.3918
34.5475
13.6297
13.3918
23.5508
40.8673
13.3918
23.5508
13.6297
11.3918
34.5475
40.8673
11.3918
34.5475
40.8673
11.3918
23.5508
13.6297
11.3918
23.5508
13.6297
13.3918
34.5475
13.6297
11.3918
34.5475
13.6297
11.3918
23.5508
13.6297
13.3918
23.5508
40.8673
11.3918
34.5475
40.8673
13.3918
34.5475
40.8673
13.3918
23.5508
40.8673
11.3918
23.5508
40.8673
20.0878
34.5475
13.6297
20.0878
34.5475
13.6297
18.0878
34.5475
40.8673
18.0878
34.5475
13.6297
20.0878
45.5443
40.8673
20.0878
45.5443
40.8673
18.0878
45.5443
13.6297
18.0878
45.5443
40.8673
20.0878
45.5443
13.6297
20.0878
45.5443
13.6297
20.0878
34.5475
40.8673
20.0878
34.5475
13.6297
18.0878
45.5443
40.8673
18.0878
45.5443
40.8673
18.0878
34.5475
13.6297
18.0878
34.5475
13.6297
20.0878
45.5443
13.6297
18.0878
45.5443
13.6297
18.0878
34.5475
13.6297
20.0878
34.5475
40.8673
18.0878
45.5443
40.8673
20.0878
45.5443
40.8673
20.0878
34.5475
40.8673
18.0878
34.5475
40.8673
26.7837
45.5443
13.6297
26.7837
45.5443
13.6297
24.7837
45.5443
40.8673
24.7837
45.5443
13.6297
26.7837
56.5411
40.8673
26.7837
56.5411
40.8673
24.7837
56.5411
13.6297
24.7837
56.5411
40.8673
26.7837
56.5411
13.6297
26.7837
56.5411
13.6297
26.7837
45.5443
40.8673
26.7837
45.5443
13.6297
24.7837
56.5411
40.8673
24.7837
56.5411
40.8673
24.7837
45.5443
13.6297
24.7837
45.5443
13.6297
26.7837
56.5411
13.6297
24.7837
56.5411
13.6297
24.7837
45.5443
13.6297
26.7837
45.5443
40.8673
24.7837
56.5411
40.8673
26.7837
56.5411
40.8673
26.7837
45.5443
40.8673
24.7837
45.5443
40.8673
33.4796
56.5411
13.6297
33.4796
56.5411
13.6297
31.4796
56.5411
40.8673
31.4796
56.5411
13.6297
33.4796
67.5378
40.8673
33.4796
67.5378
40.8673
31.4796
67.5378
13.6297
31.4796
67.5378
40.8673
33.4796
67.5378
13.6297
33.4796
67.5378
13.6297
33.4796
56.5411
40.8673
33.4796
56.5411
13.6297
31.4796
67.5378
40.8673
31.4796
67.5378
40.8673
31.4796
56.5411
13.6297
31.4796
56.5411
13.6297
33.4796
67.5378
13.6297
31.4796
67.5378
13.6297
31.4796
56.5411
13.6297
33.4796
56.5411
40.8673
31.4796
67.5378
40.8673
33.4796
67.5378
40.8673
33.4796
56.5411
40.8673
31.4796
56.5411
40.8673
40.1755
94.7754
-13.6079
40.1755
94.7754
-13.6079
40.1755
67.5378
40.8673
40.1755
67.5378
-13.6079
38.1755
94.7754
40.8673
38.1755
94.7754
40.8673
38.1755
67.5378
-13.6079
38.1755
67.5378
-13.6079
40.1755
67.5378
-13.6079
40.1755
94.7754
-13.6079
38.1755
94.7754
-13.6079
38.1755
67.5378
40.8673
40.1755
94.7754
40.8673
40.1755
67.5378
40.8673
38.1755
67.5378
40.8673
38.1755
94.7754
40.8673
40.1755
67.5378
-13.6079
40.1755
67.5378
-13.6079
38.1755
67.5378
40.8673
38.1755
67.5378
-13.6079
40.1755
94.7754
40.8673
40.1755
94.7754
40.8673
38.1755
94.7754
-13.6079
38.1755
94.7754
-13.6079
46.8715
67.5378
13.6297
46.8715
67.5378
13.6297
44.8715
67.5378
-13.6079
44.8715
67.5378
13.6297
46.8715
56.5411
-13.6079
46.8715
56.5411
-13.6079
44.8715
56.5411
13.6297
44.8715
56.5411
-13.6079
46.8715
56.5411
13.6297
46.8715
56.5411
13.6297
46.8715
67.5378
-13.6079
46.8715
67.5378
13.6297
44.8715
56.5411
-13.6079
44.8715
56.5411
-13.6079
44.8715
67.5378
13.6297
44.8715
67.5378
13.6297
46.8715
56.5411
13.6297
44.8715
56.5411
13.6297
44.8715
67.5378
13.6297
46.8715
67.5378
-13.6079
44.8715
56.5411
-13.6079
46.8715
56.5411
-13.6079
46.8715
67.5378
-13.6079
44.8715
67.5378
-13.6079
53.5674
56.5411
13.6297
53.5674
56.5411
13.6297
51.5674
56.5411
-13.6079
51.5674
56.5411
13.6297
53.5674
45.5443
-13.6079
53.5674
45.5443
-13.6079
51.5674
45.5443
13.6297
51.5674
45.5443
-13.6079
53.5674
45.5443
13.6297
53.5674
45.5443
13.6297
53.5674
56.5411
-13.6079
53.5674
56.5411
13.6297
51.5674
45.5443
-13.6079
51.5674
45.5443
-13.6079
51.5674
56.5411
13.6297
51.5674
56.5411
13.6297
53.5674
45.5443
13.6297
51.5674
45.5443
13.6297
51.5674
56.5411
13.6297
53.5674
56.5411
-13.6079
51.5674
45.5443
-13.6079
53.5674
45.5443
-13.6079
53.5674
56.5411
-13.6079
51.5674
56.5411
-13.6079
60.2633
45.5443
13.6297
60.2633
45.5443
13.6297
58.2633
45.5443
-13.6079
58.2633
45.5443
13.6297
60.2633
34.5476
-13.6079
60.2633
34.5476
-13.6079
58.2633
34.5476
13.6297
58.2633
34.5476
-13.6079
60.2633
34.5476
13.6297
60.2633
34.5476
13.6297
60.2633
45.5443
-13.6079
60.2633
45.5443
13.6297
58.2633
34.5476
-13.6079
58.2633
34.5476
-13.6079
58.2633
45.5443
13.6297
58.2633
45.5443
13.6297
60.2633
34.5476
13.6297
58.2633
34.5476
13.6297
58.2633
45.5443
13.6297
60.2633
45.5443
-13.6079
58.2633
34.5476
-13.6079
60.2633
34.5476
-13.6079
60.2633
45.5443
-13.6079
58.2633
45.5443
-13.6079
66.9592
34.5475
13.6297
66.9592
34.5476
13.6297
64.9592
34.5476
-13.6079
64.9592
34.5475
13.6297
66.9592
23.5508
-13.6079
66.9592
23.5508
-13.6079
64.9592
23.5508
13.6297
64.9592
23.5508
-13.6079
66.9592
23.5508
13.6297
66.9592
23.5508
13.6297
66.9592
34.5476
-13.6079
66.9592
34.5475
13.6297
64.9592
23.5508
-13.6079
64.9592
23.5508
-13.6079
64.9592
34.5475
13.6297
64.9592
34.5476
13.6297
66.9592
23.5508
13.6297
64.9592
23.5508
13.6297
64.9592
34.5476
13.6297
66.9592
34.5476
-13.6079
64.9592
23.5508
-13.6079
66.9592
23.5508
-13.6079
66.9592
34.5475
-13.6079
64.9592
34.5475
-13.6079
73.6552
23.5508
13.6297
73.6552
23.5508
13.6297
71.6552
23.5508
-13.6079
71.6552
23.5508
13.6297
73.6552
12.554
-13.6079
73.6552
12.554
-13.6079
71.6552
12.554
13.6297
71.6552
12.554
-13.6079
73.6552
12.554
13.6297
73.6552
12.554
13.6297
73.6552
23.5508
-13.6079
73.6552
23.5508
13.6297
71.6552
12.554
-13.6079
71.6552
12.554
-13.6079
71.6552
23.5508
13.6297
71.6552
23.5508
13.6297
73.6552
12.554
13.6297
71.6552
12.554
13.6297
71.6552
23.5508
13.6297
73.6552
23.5508
-13.6079
71.6552
12.554
-13.6079
73.6552
12.554
-13.6079
73.6552
23.5508
-13.6079
71.6552
23.5508
25.7485
4.69592
23.5508
25.7485
11.3918
23.5508
25.7485
11.3918
34.5475
25.7485
18.0878
34.5475
25.7485
18.0878
45.5443
25.7485
24.7837
45.5443
25.7485
24.7837
56.5411
25.7485
31.4796
56.5411
25.7485
31.4796
67.5378
25.7485
38.1755
67.5378
25.7485
38.1755
78.5346
25.7485
36.1755
78.5346
25.7485
-7.67834e-07
19.1232
25.7485
-4.80684e-07
12.554
25.7485
4.69592
12.554
28.7485
-7.67834e-07
19.1232
28.7485
36.1755
78.5346
28.7485
38.1755
78.5346
28.7485
38.1755
67.5378
28.7485
31.4796
67.5378
28.7485
31.4796
56.5411
28.7485
24.7837
56.5411
28.7485
24.7837
45.5443
28.7485
18.0878
45.5443
28.7485
18.0878
34.5475
28.7485
11.3918
34.5475
28.7485
11.3918
23.5508
28.7485
4.69592
23.5508
28.7485
-4.80684e-07
12.554
28.7485
4.69592
12.554
28.7485
38.1755
67.5378
28.7485
38.1755
78.5346
25.7485
38.1755
78.5346
25.7485
38.1755
67.5378
28.7485
31.4796
67.5378
28.7485
38.1755
67.5378
25.7485
38.1755
67.5378
25.7485
31.4796
67.5378
28.7485
31.4796
56.5411
28.7485
31.4796
67.5378
25.7485
31.4796
67.5378
25.7485
31.4796
56.5411
28.7485
24.7837
56.5411
28.7485
31.4796
56.5411
25.7485
31.4796
56.5411
25.7485
24.7837
56.5411
28.7485
24.7837
45.5443
28.7485
24.7837
56.5411
25.7485
24.7837
56.5411
25.7485
24.7837
45.5443
28.7485
18.0878
45.5443
28.7485
24.7837
45.5443
25.7485
24.7837
45.5443
25.7485
18.0878
45.5443
28.7485
18.0878
34.5475
28.7485
18.0878
45.5443
25.7485
18.0878
45.5443
25.7485
18.0878
34.5475
28.7485
11.3918
34.5475
28.7485
18.0878
34.5475
25.7485
18.0878
34.5475
25.7485
11.3918
34.5475
28.7485
11.3918
23.5508
28.7485
11.3918
34.5475
25.7485
11.3918
34.5475
25.7485
11.3918
23.5508
28.7485
4.69592
23.5508
28.7485
11.3918
23.5508
25.7485
11.3918
23.5508
25.7485
4.69592
23.5508
28.7485
4.69592
12.554
28.7485
4.69592
23.5508
25.7485
4.69592
23.5508
25.7485
4.69592
12.554
28.7485
-4.80684e-07
12.554
28.7485
4.69592
12.554
25.7485
4.69592
12.554
25.7485
-4.80684e-07
12.554
28.7485
-7.67834e-07
19.1232
28.7485
-4.80684e-07
12.554
25.7485
-4.80684e-07
12.554
25.7485
-7.67834e-07
19.1232
28.7485
36.1755
78.5346
28.7485
-7.67834e-07
19.1232
25.7485
-7.67834e-07
19.1232
25.7485
36.1755
78.5346
28.7485
38.1755
78.5346
28.7485
36.1755
78.5346
25.7485
36.1755
78.5346
25.7485
38.1755
78.5346
1.5109
44.8715
56.5411
1.5109
51.5674
56.5411
1.5109
51.5674
45.5443
1.5109
58.2633
45.5443
1.5109
58.2633
34.5476
1.5109
64.9592
34.5476
1.5109
64.9592
23.5508
1.5109
71.6552
23.5508
1.5109
71.6552
12.554
1.5109
69.6552
12.554
1.5109
40.1755
60.9686
1.5109
40.1755
67.5378
1.5109
44.8715
67.5378
-1.4891
40.1755
60.9686
-1.4891
69.6552
12.554
-1.4891
71.6552
12.554
-1.4891
71.6552
23.5508
-1.4891
64.9592
23.5508
-1.4891
64.9592
34.5476
-1.4891
58.2633
34.5476
-1.4891
58.2633
45.5443
-1.4891
51.5674
45.5443
-1.4891
51.5674
56.5411
-1.4891
44.8715
56.5411
-1.4891
40.1755
67.5378
-1.4891
44.8715
67.5378
-1.4891
71.6552
23.5508
-1.4891
71.6552
12.554
1.5109
71.6552
12.554
1.5109
71.6552
23.5508
-1.4891
64.9592
23.5508
-1.4891
71.6552
23.5508
1.5109
71.6552
23.5508
1.5109
64.9592
23.5508
-1.4891
64.9592
34.5476
-1.4891
64.9592
23.5508
1.5109
64.9592
23.5508
1.5109
64.9592
34.5476
-1.4891
58.2633
34.5476
-1.4891
64.9592
34.5476
1.5109
64.9592
34.5476
1.5109
58.2633
34.5476
-1.4891
58.2633
45.5443
-1.4891
58.2633
34.5476
1.5109
58.2633
34.5476
1.5109
58.2633
45.5443
-1.4891
51.5674
45.5443
-1.4891
58.2633
45.5443
1.5109
58.2633
45.5443
1.5109
51.5674
45.5443
-1.4891
51.5674
56.5411
-1.4891
51.5674
45.5443
1.5109
51.5674
45.5443
1.5109
51.5674
56.5411
-1.4891
44.8715
56.5411
-1.4891
51.5674
56.5411
1.5109
51.5674
56.5411
1.5109
44.8715
56.5411
-1.4891
44.8715
67.5378
-1.4891
44.8715
56.5411
1.5109
44.8715
56.5411
1.5109
44.8715
67.5378
-1.4891
40.1755
67.5378
-1.4891
44.8715
67.5378
1.5109
44.8715
67.5378
1.5109
40.1755
67.5378
-1.4891
40.1755
60.9686
-1.4891
40.1755
67.5378
1.5109
40.1755
67.5378
1.5109
40.1755
60.9686
-1.4891
69.6552
12.554
-1.4891
40.1755
60.9686
1.5109
40.1755
60.9686
1.5109
69.6552
12.554
-1.4891
71.6552
12.554
-1.4891
69.6552
12.554
1.5109
69.6552
12.554
1.5109
71.6552
12.554
-13.6604
73.6563
-9.72036
-13.6787
73.6563
12.3827
13.7056
73.6563
12.4054
13.7239
73.6563
-9.69766
-13.6604
74.8299
-9.72036
13.7239
74.8299
-9.69766
13.7056
74.8299
12.4054
-13.6787
74.8299
12.3827
-13.6604
73.6563
-9.72036
13.7239
73.6563
-9.69766
13.7239
74.8299
-9.69766
-13.6604
74.8299
-9.72036
13.7239
73.6563
-9.69766
13.7056
73.6563
12.4054
13.7056
74.8299
12.4054
13.7239
74.8299
-9.69766
13.7056
73.6563
12.4054
-13.6787
73.6563
12.3827
-13.6787
74.8299
12.3827
13.7056
74.8299
12.4054
-13.6787
73.6563
12.3827
-13.6604
73.6563
-9.72036
-13.6604
74.8299
-9.72036
-13.6787
74.8299
12.3827
744
2
1
0
0
3
2
6
5
4
4
7
6
10
9
8
8
11
10
14
13
12
12
15
14
18
17
16
16
19
18
22
21
20
20
23
22
26
25
24
24
27
26
30
29
28
28
31
30
34
33
32
32
35
34
38
37
36
36
39
38
42
41
40
40
43
42
46
45
44
44
47
46
50
49
48
48
51
50
54
53
52
52
55
54
58
57
56
56
59
58
62
61
60
60
63
62
66
65
64
64
67
66
70
69
68
68
71
70
74
73
72
72
75
74
78
77
76
76
79
78
82
81
80
80
83
82
86
85
84
84
87
86
90
89
88
88
91
90
94
93
92
92
95
94
98
97
96
96
99
98
102
101
100
100
103
102
106
105
104
104
107
106
110
109
108
108
111
110
114
113
112
112
115
114
118
117
116
116
119
118
122
121
120
120
123
122
126
125
124
124
127
126
130
129
128
128
131
130
134
133
132
132
135
134
138
137
136
136
139
138
142
141
140
140
143
142
146
145
144
144
147
146
150
149
148
148
151
150
154
153
152
152
155
154
158
157
156
156
159
158
162
161
160
160
163
162
166
165
164
164
167
166
170
169
168
168
171
170
174
173
172
172
175
174
178
177
176
176
179
178
182
181
180
180
183
182
186
185
184
184
187
186
190
189
188
188
191
190
194
193
192
192
195
194
198
197
196
196
199
198
202
201
200
200
203
202
206
205
204
204
207
206
210
209
208
208
211
210
214
213
212
212
215
214
218
217
216
216
219
218
222
221
220
220
223
222
226
225
224
224
227
226
230
229
228
228
231
230
234
233
232
232
235
234
238
237
236
236
239
238
242
241
240
240
243
242
246
245
244
244
247
246
250
249
248
248
251
250
254
253
252
252
255
254
258
257
256
256
259
258
262
261
260
260
263
262
266
265
264
276
266
264
277
276
264
278
277
264
268
267
266
276
268
266
270
269
268
276
270
268
272
271
270
276
272
270
274
273
272
276
274
272
276
275
274
281
280
279
283
281
279
285
283
279
287
285
279
289
287
279
291
289
279
291
279
292
283
282
281
285
284
283
287
286
285
289
288
287
291
290
289
293
291
292
296
295
294
294
297
296
300
299
298
298
301
300
304
303
302
302
305
304
308
307
306
306
309
308
312
311
310
310
313
312
316
315
314
314
317
316
320
319
318
318
321
320
324
323
322
322
325
324
328
327
326
326
329
328
332
331
330
330
333
332
336
335
334
334
337
336
340
339
338
338
341
340
344
343
342
342
345
344
348
347
346
346
349
348
352
351
350
350
353
352
356
355
354
364
356
354
365
364
354
366
365
354
358
357
356
364
358
356
364
363
362
364
362
360
364
360
358
360
359
358
362
361
360
369
368
367
371
369
367
373
371
367
375
373
367
377
375
367
377
367
378
371
370
369
373
372
371
375
374
373
377
376
375
379
377
378
382
381
380
380
383
382
386
385
384
384
387
386
390
389
388
388
391
390
394
393
392
392
395
394
398
397
396
396
399
398
402
401
400
400
403
402
406
405
404
404
407
406
410
409
408
408
411
410
414
413
412
412
415
414
418
417
416
416
419
418
422
421
420
420
423
422
426
425
424
424
427
426
430
429
428
428
431
430
434
433
432
432
435
434
438
437
436
436
439
438
442
441
440
440
443
442
446
445
444
444
447
446
450
449
448
448
451
450
454
453
452
452
455
454
