96
15.3352
75
-105
15.3352
75
-100
-13.3538
75
-100
-13.3538
75
-105
95
2.18557e-07
-105
95
-2.18557e-07
-95
95
75
-95
95
75
-105
-95
-2.18557e-07
-95
-95
2.18557e-07
-105
-95
75
-105
-95
75
-95
95
-2.18557e-07
-95
95
2.18557e-07
-105
15.3352
2.18557e-07
-105
15.3352
0
-100
15.3352
-2.18557e-07
-95
-95
2.18557e-07
-105
-95
-2.18557e-07
-95
-13.3538
-2.18557e-07
-95
-13.3538
0
-100
-13.3538
2.18557e-07
-105
95
75
-105
95
75
-95
15.3352
75
-95
-95
75
-95
-95
75
-105
-13.3538
75
-95
95
2.18557e-07
-105
95
75
-105
15.3352
75
-105
15.3352
55.9726
-105
15.3352
2.18557e-07
-105
-95
75
-105
-95
2.18557e-07
-105
-13.3538
2.18557e-07
-105
-13.3538
55.9726
-105
-13.3538
75
-105
-95
-2.18557e-07
-95
-95
75
-95
-13.3538
75
-95
-13.3538
55.9726
-95
-13.3538
-2.18557e-07
-95
95
75
-95
95
-2.18557e-07
-95
15.3352
-2.18557e-07
-95
15.3352
55.9726
-95
15.3352
75
-95
13.5937
135
-12
13.5937
135
-11
-13.2313
135
-11
-13.2313
135
-12
52.5
75
-12
52.5
75
-10
52.5
135
-9.99999
52.5
135
-12
-52.5
75
-10
-52.5
75
-12
-52.5
135
-12
-52.5
135
-9.99999
52.5
75
-10
52.5
75
-12
13.5937
75
-12
13.5937
75
-11
13.5937
75
-10
-52.5
75
-12
-52.5
75
-10
-13.2313
75
-10
-13.2313
75
-11
-13.2313
75
-12
52.5
135
-12
52.5
135
-9.99999
13.5937
135
-9.99999
-52.5
135
-9.99999
-52.5
135
-12
-13.2313
135
-9.99999
52.5
75
-12
52.5
135
-12
13.5937
135
-12
13.5937
121.198
-12
13.5937
75
-12
-52.5
135
-12
-52.5
75
-12
-13.2313
75
-12
-13.2313
121.198
-12
-13.2313
135
-12
-52.5
75
-10
-52.5
135
-9.99999
-13.2313
135
-9.99999
-13.2313
121.198
-9.99999
-13.2313
75
-10
52.5
135
-9.99999
52.5
75
-10
13.5937
75
-10
13.5937
121.198
-9.99999
13.5937
135
-9.99999
216
3
1
0
22
0
1
3
2
1
25
2
3
3
26
25
22
1
24
1
2
27
1
27
24
24
23
22
25
27
2
7
5
4
7
6
5
11
9
8
11
10
9
12
16
15
12
15
14
14
13
12
17
21
20
17
20
19
19
18
17
28
32
31
28
31
30
30
29
28
31
36
37
31
37
30
33
37
36
33
36
35
35
34
33
38
42
41
38
41
40
40
39
38
41
46
47
41
47
40
43
47
46
43
46
45
45
44
43
51
49
48
70
48
49
51
50
49
73
50
51
51
74
73
70
49
72
49
50
75
49
75
72
72
71
70
73
75
50
55
53
52
55
54
53
59
57
56
59
58
57
60
64
63
60
63
62
62
61
60
65
69
68
65
68
67
67
66
65
76
80
79
76
79
78
78
77
76
79
84
85
79
85
78
81
85
84
81
84
83
83
82
81
86
90
89
86
89
88
88
87
86
89
94
95
89
95
88
91
95
94
91
94
93
93
92
91
